Date,Close
2007-01-03,37.46
2007-01-04,39.15
2007-01-05,38.69
2007-01-08,38.26
2007-01-09,37.84
2007-01-10,38.55
2007-01-11,39.48
2007-01-12,39.62
2007-01-16,39.47
2007-01-17,39.19
2007-01-18,38.49
2007-01-19,38.87
2007-01-22,38.51
2007-01-23,38.13
2007-01-24,38.62
2007-01-25,38.16
2007-01-26,37.51
2007-01-29,37.15
2007-01-30,37.17
2007-01-31,37.66
2007-02-01,37.41
2007-02-02,37.19
2007-02-05,37.91
2007-02-06,37.68
2007-02-07,37.58
2007-02-08,38.26
2007-02-09,38.31
2007-02-12,38.05
2007-02-13,38.07
2007-02-14,39.66
2007-02-15,41.31
2007-02-16,42.51
2007-02-20,42.7
2007-02-21,42.05
2007-02-22,42.79
2007-02-23,43.36
2007-02-26,42.65
2007-02-27,40.25
2007-02-28,40.3
2007-03-01,40.1
2007-03-02,39.48
2007-03-05,39.14
2007-03-06,39.55
2007-03-07,39.69
2007-03-08,40.24
2007-03-09,40.15
2007-03-12,40.12
2007-03-13,41.83
2007-03-14,43.21
2007-03-15,43.7
2007-03-16,43.68
2007-03-19,42.91
2007-03-20,43.04
2007-03-21,43.73
2007-03-22,43.35
2007-03-23,42.57
2007-03-26,42.42
2007-03-27,42.63
2007-03-28,42.5
2007-03-29,42.25
2007-03-30,42.66
2007-04-02,43.08
2007-04-03,43.71
2007-04-04,43.65
2007-04-05,43.3
2007-04-09,42.68
2007-04-10,43.0
2007-04-11,42.1
2007-04-12,42.6
2007-04-13,42.55
2007-04-16,43.39
2007-04-17,43.37
2007-04-18,42.97
2007-04-19,43.36
2007-04-20,43.44
2007-04-23,42.89
2007-04-24,44.36
2007-04-25,45.34
2007-04-26,45.3
2007-04-27,44.63
2007-04-30,43.8
2007-05-01,43.77
2007-05-02,44.27
2007-05-03,44.28
2007-05-04,44.1
2007-05-07,43.95
2007-05-08,44.17
2007-05-09,44.27
2007-05-10,43.91
2007-05-11,44.86
2007-05-14,44.25
2007-05-15,44.17
2007-05-16,45.05
2007-05-17,44.82
2007-05-18,45.21
2007-05-21,46.13
2007-05-22,46.38
2007-05-23,44.84
2007-05-24,43.59
2007-05-25,43.35
2007-05-29,44.28
2007-05-30,42.82
2007-05-31,42.95
2007-06-01,42.77
2007-06-04,42.18
2007-06-05,42.49
2007-06-06,42.23
2007-06-07,41.02
2007-06-08,41.87
2007-06-11,41.39
2007-06-12,41.81
2007-06-13,42.6
2007-06-14,42.62
2007-06-15,42.63
2007-06-18,42.33
2007-06-19,42.69
2007-06-20,43.07
2007-06-21,43.56
2007-06-22,42.99
2007-06-25,42.53
2007-06-26,42.84
2007-06-27,43.42
2007-06-28,43.46
2007-06-29,43.39
2007-07-02,43.93
2007-07-03,43.86
2007-07-05,43.54
2007-07-06,43.58
2007-07-09,43.59
2007-07-10,43.21
2007-07-11,43.84
2007-07-12,45.25
2007-07-13,45.35
2007-07-16,45.03
2007-07-17,45.03
2007-07-18,45.1
2007-07-19,43.35
2007-07-20,43.0
2007-07-23,42.75
2007-07-24,43.08
2007-07-25,42.45
2007-07-26,42.08
2007-07-27,41.67
2007-07-30,42.53
2007-07-31,41.65
2007-08-01,41.39
2007-08-02,42.04
2007-08-03,40.77
2007-08-06,41.78
2007-08-07,40.5
2007-08-08,40.15
2007-08-09,38.22
2007-08-10,37.89
2007-08-13,38.92
2007-08-14,37.78
2007-08-15,36.09
2007-08-16,36.93
2007-08-17,37.54
2007-08-20,37.42
2007-08-21,36.9
2007-08-22,37.27
2007-08-23,37.86
2007-08-24,38.23
2007-08-27,38.58
2007-08-28,37.87
2007-08-29,38.92
2007-08-30,39.08
2007-08-31,39.89
2007-09-04,40.01
2007-09-05,38.93
2007-09-06,38.82
2007-09-07,37.89
2007-09-10,36.77
2007-09-11,38.01
2007-09-12,37.87
2007-09-13,39.17
2007-09-14,39.43
2007-09-17,39.0
2007-09-18,39.8
2007-09-19,40.04
2007-09-20,40.54
2007-09-21,40.83
2007-09-24,41.64
2007-09-25,41.55
2007-09-26,42.24
2007-09-27,42.23
2007-09-28,42.26
2007-10-01,42.09
2007-10-02,41.98
2007-10-03,42.27
2007-10-04,42.78
2007-10-05,43.36
2007-10-08,42.77
2007-10-09,42.65
2007-10-10,42.3
2007-10-11,41.47
2007-10-12,42.16
2007-10-15,41.29
2007-10-16,40.84
2007-10-17,41.41
2007-10-18,41.38
2007-10-19,40.31
2007-10-22,40.87
2007-10-23,41.13
2007-10-24,41.18
2007-10-25,40.79
2007-10-26,41.33
2007-10-29,41.63
2007-10-30,41.78
2007-10-31,42.73
2007-11-01,41.29
2007-11-02,41.34
2007-11-05,40.85
2007-11-06,41.56
2007-11-07,41.19
2007-11-08,39.76
2007-11-09,38.1
2007-11-12,37.29
2007-11-13,39.16
2007-11-14,40.04
2007-11-15,40.81
2007-11-16,41.36
2007-11-19,41.75
2007-11-20,41.34
2007-11-21,40.46
2007-11-23,40.53
2007-11-26,39.18
2007-11-27,39.82
2007-11-28,41.49
2007-11-29,41.42
2007-11-30,40.78
2007-12-03,39.96
2007-12-04,39.36
2007-12-05,40.37
2007-12-06,40.41
2007-12-07,40.12
2007-12-10,40.57
2007-12-11,40.18
2007-12-12,41.01
2007-12-13,39.86
2007-12-14,39.38
2007-12-17,39.12
2007-12-18,38.72
2007-12-19,38.28
2007-12-20,39.12
2007-12-21,39.96
2007-12-24,40.31
2007-12-26,40.28
2007-12-27,39.68
2007-12-28,39.57
2007-12-31,39.35
2008-01-02,38.39
2008-01-03,37.9
2008-01-04,37.03
2008-01-07,36.45
2008-01-08,35.99
2008-01-09,37.79
2008-01-10,37.99
2008-01-11,38.63
2008-01-14,40.0
2008-01-15,39.35
2008-01-16,39.96
2008-01-17,39.06
2008-01-18,38.35
2008-01-22,36.93
2008-01-23,36.63
2008-01-24,40.41
2008-01-25,40.0
2008-01-28,40.5
2008-01-29,40.3
2008-01-30,40.28
2008-01-31,42.42
2008-02-01,42.2
2008-02-04,41.85
2008-02-05,40.72
2008-02-06,39.65
2008-02-07,40.94
2008-02-08,41.92
2008-02-11,41.86
2008-02-12,40.94
2008-02-13,42.01
2008-02-14,40.87
2008-02-15,42.2
2008-02-19,41.95
2008-02-20,43.37
2008-02-21,42.42
2008-02-22,43.47
2008-02-25,43.72
2008-02-26,43.64
2008-02-27,43.79
2008-02-28,43.32
2008-02-29,42.39
2008-03-03,41.12
2008-03-04,41.21
2008-03-05,41.5
2008-03-06,40.43
2008-03-07,40.24
2008-03-10,39.17
2008-03-11,39.42
2008-03-12,39.75
2008-03-13,40.25
2008-03-14,39.23
2008-03-17,38.5
2008-03-18,40.13
2008-03-19,37.85
2008-03-20,38.27
2008-03-24,39.89
2008-03-25,40.8
2008-03-26,40.49
2008-03-27,39.72
2008-03-28,40.14
2008-03-31,41.0
2008-04-01,42.22
2008-04-02,41.95
2008-04-03,41.89
2008-04-04,42.05
2008-04-07,41.67
2008-04-08,42.08
2008-04-09,41.51
2008-04-10,42.58
2008-04-11,41.4
2008-04-14,41.36
2008-04-15,41.19
2008-04-16,42.26
2008-04-17,42.07
2008-04-18,42.55
2008-04-21,42.62
2008-04-22,41.55
2008-04-23,41.89
2008-04-24,43.16
2008-04-25,43.24
2008-04-28,43.29
2008-04-29,43.76
2008-04-30,43.19
2008-05-01,44.36
2008-05-02,44.33
2008-05-05,43.93
2008-05-06,44.55
2008-05-07,43.54
2008-05-08,44.1
2008-05-09,43.72
2008-05-12,44.63
2008-05-13,44.57
2008-05-14,44.13
2008-05-15,45.0
2008-05-16,46.9
2008-05-19,47.35
2008-05-20,46.06
2008-05-21,46.18
2008-05-22,45.87
2008-05-23,47.76
2008-05-27,48.85
2008-05-28,48.32
2008-05-29,49.22
2008-05-30,48.54
2008-06-02,47.7
2008-06-03,46.99
2008-06-04,48.45
2008-06-05,49.39
2008-06-06,47.14
2008-06-09,47.11
2008-06-10,47.42
2008-06-11,46.31
2008-06-12,48.98
2008-06-13,49.99
2008-06-16,49.54
2008-06-17,48.63
2008-06-18,49.1
2008-06-19,50.36
2008-06-20,48.53
2008-06-23,47.81
2008-06-24,46.27
2008-06-25,47.16
2008-06-26,45.11
2008-06-27,45.65
2008-06-30,44.37
2008-07-01,45.82
2008-07-02,45.05
2008-07-03,45.05
2008-07-07,45.36
2008-07-08,47.55
2008-07-09,46.58
2008-07-10,48.17
2008-07-11,48.33
2008-07-14,47.84
2008-07-15,46.9
2008-07-16,46.98
2008-07-17,45.56
2008-07-18,45.19
2008-07-21,45.28
2008-07-22,44.1
2008-07-23,44.82
2008-07-24,52.43
2008-07-25,54.45
2008-07-28,53.42
2008-07-29,54.92
2008-07-30,55.64
2008-07-31,55.34
2008-08-01,55.47
2008-08-04,52.87
2008-08-05,55.73
2008-08-06,55.56
2008-08-07,55.38
2008-08-08,55.86
2008-08-11,54.42
2008-08-12,54.21
2008-08-13,55.39
2008-08-14,56.35
2008-08-15,56.37
2008-08-18,55.34
2008-08-19,54.79
2008-08-20,54.95
2008-08-21,54.71
2008-08-22,55.41
2008-08-25,53.88
2008-08-26,53.5
2008-08-27,54.08
2008-08-28,53.97
2008-08-29,52.65
2008-09-02,51.17
2008-09-03,49.26
2008-09-04,48.54
2008-09-05,47.67
2008-09-08,46.28
2008-09-09,45.61
2008-09-10,46.73
2008-09-11,49.09
2008-09-12,47.92
2008-09-15,46.82
2008-09-16,47.92
2008-09-17,44.94
2008-09-18,46.7
2008-09-19,48.74
2008-09-22,45.96
2008-09-23,45.91
2008-09-24,45.29
2008-09-25,46.54
2008-09-26,45.84
2008-09-29,39.88
2008-09-30,42.97
2008-10-01,41.52
2008-10-02,40.57
2008-10-03,40.87
2008-10-06,40.23
2008-10-07,39.18
2008-10-08,41.07
2008-10-09,39.68
2008-10-10,38.98
2008-10-13,42.3
2008-10-14,40.32
2008-10-15,36.31
2008-10-16,38.89
2008-10-17,39.75
2008-10-20,40.29
2008-10-21,36.63
2008-10-22,35.64
2008-10-23,35.27
2008-10-24,34.99
2008-10-27,33.98
2008-10-28,38.91
2008-10-29,37.92
2008-10-30,39.72
2008-10-31,38.26
2008-11-03,37.2
2008-11-04,37.96
2008-11-05,35.17
2008-11-06,33.05
2008-11-07,35.66
2008-11-10,35.31
2008-11-11,35.07
2008-11-12,32.57
2008-11-13,34.82
2008-11-14,32.94
2008-11-17,31.65
2008-11-18,31.81
2008-11-19,30.01
2008-11-20,29.21
2008-11-21,30.17
2008-11-24,32.82
2008-11-25,32.69
2008-11-26,33.45
2008-11-28,33.57
2008-12-01,29.96
2008-12-02,30.54
2008-12-03,30.3
2008-12-04,30.08
2008-12-05,31.9
2008-12-08,33.53
2008-12-09,33.48
2008-12-10,34.47
2008-12-11,32.59
2008-12-12,33.92
2008-12-15,33.81
2008-12-16,36.06
2008-12-17,35.1
2008-12-18,34.12
2008-12-19,35.03
2008-12-22,34.81
2008-12-23,34.18
2008-12-24,34.16
2008-12-26,34.43
2008-12-29,34.1
2008-12-30,34.94
2008-12-31,35.83
2009-01-02,37.05
2009-01-05,36.45
2009-01-06,37.15
2009-01-07,35.55
2009-01-08,35.28
2009-01-09,35.0
2009-01-12,34.86
2009-01-13,35.14
2009-01-14,33.76
2009-01-15,34.8
2009-01-16,36.02
2009-01-20,34.14
2009-01-21,35.87
2009-01-22,36.06
2009-01-23,36.57
2009-01-26,36.58
2009-01-27,35.63
2009-01-28,36.82
2009-01-29,35.13
2009-01-30,34.55
2009-02-02,35.29
2009-02-03,34.22
2009-02-04,33.83
2009-02-05,35.04
2009-02-06,36.32
2009-02-09,36.65
2009-02-10,35.02
2009-02-11,34.61
2009-02-12,35.54
2009-02-13,35.68
2009-02-17,34.72
2009-02-18,34.32
2009-02-19,33.84
2009-02-20,34.07
2009-02-23,32.78
2009-02-24,34.49
2009-02-25,33.93
2009-02-26,33.66
2009-02-27,33.43
2009-03-02,32.79
2009-03-03,33.45
2009-03-04,34.74
2009-03-05,34.63
2009-03-06,33.63
2009-03-09,33.0
2009-03-10,35.36
2009-03-11,35.35
2009-03-12,36.79
2009-03-13,36.75
2009-03-16,35.84
2009-03-17,37.31
2009-03-18,37.95
2009-03-19,37.64
2009-03-20,37.06
2009-03-23,38.82
2009-03-24,38.03
2009-03-25,38.5
2009-03-26,39.54
2009-03-27,38.94
2009-03-30,37.87
2009-03-31,38.91
2009-04-01,39.68
2009-04-02,41.31
2009-04-03,41.19
2009-04-06,40.66
2009-04-07,39.36
2009-04-08,40.22
2009-04-09,41.65
2009-04-13,40.88
2009-04-14,40.8
2009-04-15,40.9
2009-04-16,41.64
2009-04-17,40.98
2009-04-20,39.63
2009-04-21,40.27
2009-04-22,40.12
2009-04-23,40.73
2009-04-24,41.36
2009-04-27,43.17
2009-04-28,42.24
2009-04-29,43.08
2009-04-30,42.32
2009-05-01,42.66
2009-05-04,43.35
2009-05-05,43.49
2009-05-06,43.73
2009-05-07,42.34
2009-05-08,41.79
2009-05-11,41.92
2009-05-12,40.93
2009-05-13,39.92
2009-05-14,40.53
2009-05-15,40.72
2009-05-18,41.99
2009-05-19,42.34
2009-05-20,42.57
2009-05-21,41.69
2009-05-22,41.31
2009-05-26,43.29
2009-05-27,42.43
2009-05-28,42.95
2009-05-29,43.59
2009-06-01,44.4
2009-06-02,43.91
2009-06-03,43.58
2009-06-04,45.29
2009-06-05,45.4
2009-06-08,45.37
2009-06-09,46.03
2009-06-10,46.07
2009-06-11,45.98
2009-06-12,46.05
2009-06-15,44.31
2009-06-16,43.45
2009-06-17,45.09
2009-06-18,45.28
2009-06-19,46.0
2009-06-22,44.4
2009-06-23,44.49
2009-06-24,45.27
2009-06-25,46.34
2009-06-26,46.19
2009-06-29,46.09
2009-06-30,45.2
2009-07-01,45.16
2009-07-02,44.68
2009-07-06,45.2
2009-07-07,43.68
2009-07-08,43.55
2009-07-09,43.06
2009-07-10,43.44
2009-07-13,44.31
2009-07-14,44.65
2009-07-15,46.06
2009-07-16,46.72
2009-07-17,47.4
2009-07-20,47.03
2009-07-21,47.98
2009-07-22,48.45
2009-07-23,47.4
2009-07-24,47.35
2009-07-27,46.48
2009-07-28,46.36
2009-07-29,46.25
2009-07-30,46.52
2009-07-31,46.21
2009-08-03,46.97
2009-08-04,46.31
2009-08-05,45.81
2009-08-06,45.6
2009-08-07,45.97
2009-08-10,45.74
2009-08-11,45.4
2009-08-12,46.37
2009-08-13,46.58
2009-08-14,46.13
2009-08-17,44.95
2009-08-18,45.15
2009-08-19,45.72
2009-08-20,47.09
2009-08-21,47.29
2009-08-24,47.41
2009-08-25,46.99
2009-08-26,47.53
2009-08-27,47.25
2009-08-28,47.22
2009-08-31,46.42
2009-09-01,45.35
2009-09-02,45.42
2009-09-03,45.02
2009-09-04,45.72
2009-09-08,46.02
2009-09-09,46.22
2009-09-10,46.65
2009-09-11,46.61
2009-09-14,46.23
2009-09-15,45.75
2009-09-16,45.71
2009-09-17,45.02
2009-09-18,44.46
2009-09-21,44.87
2009-09-22,44.59
2009-09-23,44.23
2009-09-24,44.66
2009-09-25,44.7
2009-09-28,45.97
2009-09-29,45.5
2009-09-30,44.98
2009-10-01,42.7
2009-10-02,41.44
2009-10-05,41.94
2009-10-06,42.62
2009-10-07,42.18
2009-10-08,41.45
2009-10-09,41.7
2009-10-12,41.54
2009-10-13,41.29
2009-10-14,42.23
2009-10-15,42.45
2009-10-16,41.96
2009-10-19,42.06
2009-10-20,41.31
2009-10-21,41.41
2009-10-22,41.08
2009-10-23,40.7
2009-10-26,40.68
2009-10-27,41.0
2009-10-28,41.63
2009-10-29,42.27
2009-10-30,41.33
2009-11-02,41.81
2009-11-03,42.22
2009-11-04,41.6
2009-11-05,43.85
2009-11-06,43.9
2009-11-09,44.75
2009-11-10,44.35
2009-11-11,44.66
2009-11-12,44.85
2009-11-13,45.77
2009-11-16,45.51
2009-11-17,45.99
2009-11-18,45.49
2009-11-19,45.09
2009-11-20,45.1
2009-11-23,45.55
2009-11-24,45.56
2009-11-25,45.44
2009-11-27,44.99
2009-11-30,45.0
2009-12-01,45.06
2009-12-02,45.06
2009-12-03,44.63
2009-12-04,45.16
2009-12-07,44.89
2009-12-08,44.59
2009-12-09,44.77
2009-12-10,45.56
2009-12-11,44.9
2009-12-14,44.67
2009-12-15,44.88
2009-12-16,44.69
2009-12-17,44.31
2009-12-18,44.57
2009-12-21,45.41
2009-12-22,45.84
2009-12-23,45.95
2009-12-24,46.1
2009-12-28,46.26
2009-12-29,46.65
2009-12-30,46.86
2009-12-31,46.26
2010-01-04,46.94
2010-01-05,48.07
2010-01-06,47.6
2010-01-07,48.98
2010-01-08,49.47
2010-01-11,49.29
2010-01-12,48.49
2010-01-13,48.7
2010-01-14,48.37
2010-01-15,48.53
2010-01-19,49.32
2010-01-20,48.35
2010-01-21,48.09
2010-01-22,46.78
2010-01-25,46.91
2010-01-26,46.89
2010-01-27,47.2
2010-01-28,40.48
2010-01-29,39.19
2010-02-01,39.77
2010-02-02,39.26
2010-02-03,39.63
2010-02-04,38.17
2010-02-05,38.04
2010-02-08,37.51
2010-02-09,37.91
2010-02-10,37.43
2010-02-11,38.01
2010-02-12,38.84
2010-02-16,39.02
2010-02-17,39.43
2010-02-18,39.81
2010-02-19,39.59
2010-02-22,39.01
2010-02-23,38.54
2010-02-24,37.87
2010-02-25,37.18
2010-02-26,36.68
2010-03-01,35.56
2010-03-02,37.93
2010-03-03,38.69
2010-03-04,39.25
2010-03-05,38.76
2010-03-08,38.79
2010-03-09,38.68
2010-03-10,38.88
2010-03-11,39.1
2010-03-12,38.95
2010-03-15,38.87
2010-03-16,39.01
2010-03-17,38.9
2010-03-18,40.43
2010-03-19,40.05
2010-03-22,40.28
2010-03-23,40.52
2010-03-24,40.19
2010-03-25,42.19
2010-03-26,41.83
2010-03-29,41.76
2010-03-30,42.13
2010-03-31,41.96
2010-04-01,42.27
2010-04-05,42.53
2010-04-06,42.43
2010-04-07,42.77
2010-04-08,42.4
2010-04-09,42.17
2010-04-12,42.23
2010-04-13,42.3
2010-04-14,42.6
2010-04-15,42.7
2010-04-16,42.74
2010-04-19,42.75
2010-04-20,43.29
2010-04-21,42.63
2010-04-22,39.33
2010-04-23,38.25
2010-04-26,38.11
2010-04-27,37.92
2010-04-28,38.82
2010-04-29,38.98
2010-04-30,38.68
2010-05-03,38.64
2010-05-04,37.6
2010-05-05,37.63
2010-05-06,36.67
2010-05-07,36.5
2010-05-10,37.37
2010-05-11,37.48
2010-05-12,38.16
2010-05-13,37.96
2010-05-14,37.3
2010-05-17,37.37
2010-05-18,36.71
2010-05-19,36.45
2010-05-20,35.59
2010-05-21,35.89
2010-05-24,35.67
2010-05-25,35.61
2010-05-26,34.88
2010-05-27,35.56
2010-05-28,35.56
2010-06-01,35.07
2010-06-02,36.02
2010-06-03,36.47
2010-06-04,35.3
2010-06-07,35.01
2010-06-08,35.27
2010-06-09,34.72
2010-06-10,35.03
2010-06-11,35.36
2010-06-14,34.79
2010-06-15,35.58
2010-06-16,35.08
2010-06-17,35.71
2010-06-18,35.69
2010-06-21,35.64
2010-06-22,35.57
2010-06-23,35.42
2010-06-24,34.79
2010-06-25,34.57
2010-06-28,34.04
2010-06-29,33.14
2010-06-30,32.84
2010-07-01,31.96
2010-07-02,32.37
2010-07-06,32.65
2010-07-07,33.38
2010-07-08,33.93
2010-07-09,33.91
2010-07-12,35.1
2010-07-13,35.95
2010-07-14,36.9
2010-07-15,36.88
2010-07-16,35.96
2010-07-19,36.77
2010-07-20,36.75
2010-07-21,36.16
2010-07-22,39.11
2010-07-23,39.08
2010-07-26,39.24
2010-07-27,39.22
2010-07-28,38.76
2010-07-29,38.78
2010-07-30,38.08
2010-08-02,38.76
2010-08-03,38.46
2010-08-04,38.43
2010-08-05,38.5
2010-08-06,38.65
2010-08-09,39.75
2010-08-10,39.78
2010-08-11,39.36
2010-08-12,38.24
2010-08-13,37.95
2010-08-16,38.64
2010-08-17,39.14
2010-08-18,39.04
2010-08-19,38.11
2010-08-20,38.91
2010-08-23,38.54
2010-08-24,38.04
2010-08-25,38.46
2010-08-26,38.28
2010-08-27,38.64
2010-08-30,38.29
2010-08-31,38.3
2010-09-01,39.6
2010-09-02,40.02
2010-09-03,40.38
2010-09-07,40.57
2010-09-08,40.92
2010-09-09,40.9
2010-09-10,40.42
2010-09-13,41.0
2010-09-14,41.11
2010-09-15,41.98
2010-09-16,41.97
2010-09-17,42.53
2010-09-20,43.01
2010-09-21,43.51
2010-09-22,43.3
2010-09-23,43.65
2010-09-24,44.55
2010-09-27,44.59
2010-09-28,44.07
2010-09-29,44.31
2010-09-30,45.13
2010-10-01,44.26
2010-10-04,43.89
2010-10-05,44.26
2010-10-06,44.65
2010-10-07,44.55
2010-10-08,44.76
2010-10-11,44.18
2010-10-12,44.79
2010-10-13,45.32
2010-10-14,45.04
2010-10-15,44.79
2010-10-18,44.49
2010-10-19,44.22
2010-10-20,44.38
2010-10-21,43.98
2010-10-22,44.18
2010-10-25,44.33
2010-10-26,43.94
2010-10-27,44.48
2010-10-28,44.42
2010-10-29,45.16
2010-11-01,45.33
2010-11-02,45.38
2010-11-03,45.69
2010-11-04,48.34
2010-11-05,48.33
2010-11-08,47.8
2010-11-09,47.92
2010-11-10,47.68
2010-11-11,47.92
2010-11-12,47.47
2010-11-15,46.87
2010-11-16,46.38
2010-11-17,47.98
2010-11-18,47.72
2010-11-19,47.96
2010-11-22,47.62
2010-11-23,47.1
2010-11-24,48.07
2010-11-26,47.7
2010-11-29,47.28
2010-11-30,46.82
2010-12-01,47.89
2010-12-02,48.49
2010-12-03,48.82
2010-12-06,48.32
2010-12-07,48.47
2010-12-08,48.88
2010-12-09,49.08
2010-12-10,49.48
2010-12-13,49.12
2010-12-14,49.18
2010-12-15,49.09
2010-12-16,49.65
2010-12-17,49.46
2010-12-20,49.44
2010-12-21,49.99
2010-12-22,49.99
2010-12-23,49.44
2010-12-27,49.61
2010-12-28,49.86
2010-12-29,49.99
2010-12-30,49.73
2010-12-31,49.49
2011-01-03,50.18
2011-01-04,50.97
2011-01-05,52.03
2011-01-06,52.67
2011-01-07,51.73
2011-01-10,51.69
2011-01-11,52.07
2011-01-12,52.34
2011-01-13,51.87
2011-01-14,52.04
2011-01-18,53.03
2011-01-19,52.14
2011-01-20,51.33
2011-01-21,51.24
2011-01-24,51.49
2011-01-25,51.52
2011-01-26,51.86
2011-01-27,54.9
2011-01-28,53.74
2011-01-31,54.13
2011-02-01,55.08
2011-02-02,53.99
2011-02-03,54.98
2011-02-04,55.23
2011-02-07,55.07
2011-02-08,56.1
2011-02-09,56.21
2011-02-10,57.0
2011-02-11,57.6
2011-02-14,58.17
2011-02-15,58.64
2011-02-16,58.54
2011-02-17,59.0
2011-02-18,59.19
2011-02-22,58.24
2011-02-23,57.01
2011-02-24,57.8
2011-02-25,59.02
2011-02-28,59.58
2011-03-01,58.04
2011-03-02,57.1
2011-03-03,58.84
2011-03-04,58.15
2011-03-07,57.58
2011-03-08,57.15
2011-03-09,55.0
2011-03-10,54.04
2011-03-11,53.61
2011-03-14,53.48
2011-03-15,53.0
2011-03-16,50.5
2011-03-17,52.32
2011-03-18,51.71
2011-03-21,53.63
2011-03-22,52.49
2011-03-23,52.45
2011-03-24,53.72
2011-03-25,52.75
2011-03-28,52.18
2011-03-29,53.91
2011-03-30,54.51
2011-03-31,54.83
2011-04-01,54.47
2011-04-04,53.11
2011-04-05,52.58
2011-04-06,53.54
2011-04-07,53.23
2011-04-08,53.63
2011-04-11,53.4
2011-04-12,52.25
2011-04-13,52.68
2011-04-14,52.6
2011-04-15,53.14
2011-04-18,53.29
2011-04-19,53.42
2011-04-20,55.27
2011-04-21,56.94
2011-04-25,56.82
2011-04-26,57.22
2011-04-27,58.18
2011-04-28,57.58
2011-04-29,57.09
2011-05-02,57.24
2011-05-03,56.49
2011-05-04,56.08
2011-05-05,56.13
2011-05-06,56.57
2011-05-09,56.66
2011-05-10,56.91
2011-05-11,56.59
2011-05-12,57.34
2011-05-13,57.12
2011-05-16,56.7
2011-05-17,56.35
2011-05-18,56.45
2011-05-19,57.3
2011-05-20,57.38
2011-05-23,56.38
2011-05-24,56.31
2011-05-25,56.99
2011-05-26,57.17
2011-05-27,57.35
2011-05-31,58.59
2011-06-01,57.15
2011-06-02,57.8
2011-06-03,57.04
2011-06-06,56.48
2011-06-07,56.51
2011-06-08,56.3
2011-06-09,55.87
2011-06-10,54.6
2011-06-13,54.4
2011-06-14,55.58
2011-06-15,54.1
2011-06-16,52.99
2011-06-17,52.69
2011-06-20,53.48
2011-06-21,54.43
2011-06-22,53.99
2011-06-23,54.96
2011-06-24,54.19
2011-06-27,54.75
2011-06-28,55.45
2011-06-29,55.43
2011-06-30,56.79
2011-07-01,57.88
2011-07-05,58.14
2011-07-06,58.7
2011-07-07,59.26
2011-07-08,59.36
2011-07-11,58.24
2011-07-12,56.52
2011-07-13,56.09
2011-07-14,54.92
2011-07-15,54.96
2011-07-18,55.28
2011-07-19,56.98
2011-07-20,57.3
2011-07-21,56.94
2011-07-22,57.46
2011-07-25,56.81
2011-07-26,56.54
2011-07-27,54.59
2011-07-28,54.99
2011-07-29,54.78
2011-08-01,54.12
2011-08-02,53.01
2011-08-03,53.73
2011-08-04,51.25
2011-08-05,51.02
2011-08-08,47.29
2011-08-09,49.89
2011-08-10,47.26
2011-08-11,49.55
2011-08-12,50.5
2011-08-15,51.26
2011-08-16,51.07
2011-08-17,51.01
2011-08-18,47.95
2011-08-19,46.52
2011-08-22,46.4
2011-08-23,48.06
2011-08-24,47.93
2011-08-25,46.95
2011-08-26,48.94
2011-08-29,50.92
2011-08-30,51.24
2011-08-31,51.46
2011-09-01,51.06
2011-09-02,49.68
2011-09-06,49.45
2011-09-07,51.69
2011-09-08,51.55
2011-09-09,50.4
2011-09-12,51.39
2011-09-13,52.32
2011-09-14,53.07
2011-09-15,53.63
2011-09-16,53.87
2011-09-19,53.67
2011-09-20,53.11
2011-09-21,51.66
2011-09-22,50.03
2011-09-23,50.29
2011-09-26,50.58
2011-09-27,51.78
2011-09-28,51.06
2011-09-29,50.13
2011-09-30,48.63
2011-10-03,47.65
2011-10-04,49.43
2011-10-05,50.77
2011-10-06,50.87
2011-10-07,50.23
2011-10-10,52.09
2011-10-11,51.65
2011-10-12,52.04
2011-10-13,53.31
2011-10-14,54.98
2011-10-17,53.64
2011-10-18,54.56
2011-10-19,52.6
2011-10-20,52.01
2011-10-21,52.02
2011-10-24,53.61
2011-10-25,52.32
2011-10-26,51.6
2011-10-27,53.52
2011-10-28,53.23
2011-10-31,51.6
2011-11-01,50.14
2011-11-02,52.18
2011-11-03,56.11
2011-11-04,56.5
2011-11-07,56.92
2011-11-08,57.03
2011-11-09,55.41
2011-11-10,55.21
2011-11-11,56.62
2011-11-14,57.1
2011-11-15,57.4
2011-11-16,56.88
2011-11-17,56.38
2011-11-18,55.67
2011-11-21,54.27
2011-11-22,54.48
2011-11-23,52.03
2011-11-25,51.86
2011-11-28,53.94
2011-11-29,53.11
2011-11-30,54.8
2011-12-01,54.73
2011-12-02,54.34
2011-12-05,54.49
2011-12-06,54.83
2011-12-07,54.45
2011-12-08,54.07
2011-12-09,55.18
2011-12-12,54.78
2011-12-13,54.19
2011-12-14,53.1
2011-12-15,52.55
2011-12-16,52.61
2011-12-19,51.92
2011-12-20,54.11
2011-12-21,53.49
2011-12-22,54.38
2011-12-23,54.63
2011-12-27,54.87
2011-12-28,54.34
2011-12-29,54.85
2011-12-30,54.7
2012-01-03,55.27
2012-01-04,55.83
2012-01-05,56.06
2012-01-06,56.16
2012-01-09,55.91
2012-01-10,55.75
2012-01-11,55.62
2012-01-12,56.33
2012-01-13,56.54
2012-01-17,57.14
2012-01-18,57.59
2012-01-19,58.0
2012-01-20,57.73
2012-01-23,58.15
2012-01-24,58.68
2012-01-25,58.99
2012-01-26,57.81
2012-01-27,57.79
2012-01-30,58.63
2012-01-31,58.82
2012-02-01,59.56
2012-02-02,60.73
2012-02-03,61.06
2012-02-06,61.07
2012-02-07,61.55
2012-02-08,61.47
2012-02-09,61.94
2012-02-10,61.73
2012-02-13,61.74
2012-02-14,61.71
2012-02-15,61.58
2012-02-16,62.27
2012-02-17,62.52
2012-02-21,62.78
2012-02-22,62.55
2012-02-23,63.51
2012-02-24,63.44
2012-02-27,63.31
2012-02-28,62.68
2012-02-29,62.18
2012-03-01,62.61
2012-03-02,62.43
2012-03-05,62.11
2012-03-06,61.56
2012-03-07,62.72
2012-03-08,63.32
2012-03-09,63.93
2012-03-12,63.85
2012-03-13,64.85
2012-03-14,65.11
2012-03-15,65.21
2012-03-16,65.41
2012-03-19,66.75
2012-03-20,66.75
2012-03-21,66.43
2012-03-22,66.29
2012-03-23,66.68
2012-03-26,68.59
2012-03-27,68.49
2012-03-28,68.12
2012-03-29,67.93
2012-03-30,68.06
2012-04-02,68.32
2012-04-03,68.13
2012-04-04,67.39
2012-04-05,67.19
2012-04-09,66.5
2012-04-10,66.22
2012-04-11,66.22
2012-04-12,68.33
2012-04-13,66.67
2012-04-16,66.25
2012-04-17,67.23
2012-04-18,66.99
2012-04-19,62.56
2012-04-20,62.25
2012-04-23,61.56
2012-04-24,61.86
2012-04-25,63.26
2012-04-26,63.91
2012-04-27,64.18
2012-04-30,63.83
2012-05-01,63.64
2012-05-02,64.24
2012-05-03,63.55
2012-05-04,61.91
2012-05-07,61.92
2012-05-08,62.67
2012-05-09,62.01
2012-05-10,62.48
2012-05-11,61.86
2012-05-14,61.46
2012-05-15,61.44
2012-05-16,59.11
2012-05-17,57.16
2012-05-18,55.98
2012-05-21,57.22
2012-05-22,57.93
2012-05-23,58.14
2012-05-24,57.15
2012-05-25,57.32
2012-05-29,58.39
2012-05-30,57.45
2012-05-31,57.31
2012-06-01,55.12
2012-06-04,55.85
2012-06-05,57.18
2012-06-06,58.4
2012-06-07,58.0
2012-06-08,58.76
2012-06-11,57.79
2012-06-12,59.4
2012-06-13,58.94
2012-06-14,56.79
2012-06-15,56.5
2012-06-18,56.77
2012-06-19,57.02
2012-06-20,57.0
2012-06-21,55.13
2012-06-22,55.64
2012-06-25,53.56
2012-06-26,53.92
2012-06-27,54.91
2012-06-28,54.3
2012-06-29,55.68
2012-07-02,55.67
2012-07-03,56.26
2012-07-05,56.25
2012-07-06,55.31
2012-07-09,55.32
2012-07-10,55.17
2012-07-11,54.37
2012-07-12,53.73
2012-07-13,54.98
2012-07-16,54.36
2012-07-17,54.46
2012-07-18,56.05
2012-07-19,58.44
2012-07-20,57.68
2012-07-23,57.32
2012-07-24,56.79
2012-07-25,57.28
2012-07-26,58.21
2012-07-27,59.34
2012-07-30,59.15
2012-07-31,59.68
2012-08-01,59.52
2012-08-02,58.88
2012-08-03,60.24
2012-08-06,60.13
2012-08-07,61.34
2012-08-08,61.45
2012-08-09,62.0
2012-08-10,61.98
2012-08-13,62.1
2012-08-14,62.39
2012-08-15,62.52
2012-08-16,62.57
2012-08-17,63.29
2012-08-20,62.8
2012-08-21,62.08
2012-08-22,62.17
2012-08-23,62.04
2012-08-24,62.43
2012-08-27,62.37
2012-08-28,62.01
2012-08-29,62.11
2012-08-30,61.2
2012-08-31,61.46
2012-09-04,60.81
2012-09-05,60.68
2012-09-06,62.62
2012-09-07,61.93
2012-09-10,61.29
2012-09-11,61.85
2012-09-12,62.44
2012-09-13,63.85
2012-09-14,64.88
2012-09-17,64.81
2012-09-18,65.08
2012-09-19,65.08
2012-09-20,64.35
2012-09-21,64.27
2012-09-24,63.67
2012-09-25,62.73
2012-09-26,62.32
2012-09-27,63.49
2012-09-28,62.47
2012-10-01,61.91
2012-10-02,61.79
2012-10-03,62.07
2012-10-04,62.65
2012-10-05,62.64
2012-10-08,61.4
2012-10-09,60.39
2012-10-10,59.78
2012-10-11,59.21
2012-10-12,58.89
2012-10-15,59.29
2012-10-16,60.36
2012-10-17,60.98
2012-10-18,59.96
2012-10-19,58.75
2012-10-22,58.68
2012-10-23,58.31
2012-10-24,57.63
2012-10-25,57.43
2012-10-26,59.04
2012-10-31,58.61
2012-11-01,59.73
2012-11-02,59.3
2012-11-05,60.43
2012-11-06,60.37
2012-11-07,58.12
2012-11-08,60.67
2012-11-09,61.62
2012-11-12,61.62
2012-11-13,62.13
2012-11-14,61.73
2012-11-15,61.28
2012-11-16,61.93
2012-11-19,62.09
2012-11-20,62.14
2012-11-21,62.14
2012-11-23,63.13
2012-11-26,62.49
2012-11-27,62.26
2012-11-28,62.65
2012-11-29,63.35
2012-11-30,63.62
2012-12-03,63.37
2012-12-04,63.47
2012-12-05,63.63
2012-12-06,64.2
2012-12-07,63.86
2012-12-10,63.93
2012-12-11,64.35
2012-12-12,63.49
2012-12-13,62.76
2012-12-14,59.83
2012-12-17,62.04
2012-12-18,63.36
2012-12-19,62.55
2012-12-20,62.86
2012-12-21,61.61
2012-12-24,61.9
2012-12-26,61.59
2012-12-27,61.51
2012-12-28,60.64
2012-12-31,61.86
2013-01-02,64.75
2013-01-03,64.45
2013-01-04,63.5
2013-01-07,64.01
2013-01-08,63.91
2013-01-09,64.88
2013-01-10,64.78
2013-01-11,64.9
2013-01-14,64.24
2013-01-15,64.44
2013-01-16,64.79
2013-01-17,65.14
2013-01-18,64.68
2013-01-22,64.68
2013-01-23,64.89
2013-01-24,64.4
2013-01-25,63.66
2013-01-28,63.67
2013-01-29,63.45
2013-01-30,63.53
2013-01-31,66.02
2013-02-01,66.73
2013-02-04,65.64
2013-02-05,66.95
2013-02-06,67.18
2013-02-07,66.54
2013-02-08,66.95
2013-02-11,67.18
2013-02-12,65.89
2013-02-13,65.45
2013-02-14,65.53
2013-02-15,65.43
2013-02-19,65.67
2013-02-20,65.27
2013-02-21,64.82
2013-02-22,64.94
2013-02-25,64.8
2013-02-26,65.27
2013-02-27,65.64
2013-02-28,65.64
2013-03-01,66.3
2013-03-04,66.63
2013-03-05,67.97
2013-03-06,66.67
2013-03-07,66.79
2013-03-08,66.65
2013-03-11,66.7
2013-03-12,67.04
2013-03-13,66.75
2013-03-14,66.57
2013-03-15,64.97
2013-03-18,64.56
2013-03-19,64.72
2013-03-20,65.74
2013-03-21,65.35
2013-03-22,65.92
2013-03-25,65.67
2013-03-26,66.62
2013-03-27,66.68
2013-03-28,66.94
2013-04-01,66.0
2013-04-02,66.25
2013-04-03,65.97
2013-04-04,65.81
2013-04-05,65.16
2013-04-08,65.86
2013-04-09,65.96
2013-04-10,67.29
2013-04-11,67.03
2013-04-12,66.68
2013-04-15,65.49
2013-04-16,65.81
2013-04-17,64.23
2013-04-18,63.64
2013-04-19,63.93
2013-04-22,64.58
2013-04-23,65.35
2013-04-24,66.0
2013-04-25,62.44
2013-04-26,61.52
2013-04-29,61.61
2013-04-30,61.6
2013-05-01,61.92
2013-05-02,62.89
2013-05-03,63.77
2013-05-06,63.86
2013-05-07,63.97
2013-05-08,64.12
2013-05-09,64.11
2013-05-10,64.64
2013-05-13,64.82
2013-05-14,65.32
2013-05-15,65.54
2013-05-16,65.64
2013-05-17,66.61
2013-05-20,66.1
2013-05-21,65.76
2013-05-22,65.23
2013-05-23,63.91
2013-05-24,64.26
2013-05-28,64.07
2013-05-29,64.11
2013-05-30,64.18
2013-05-31,63.48
2013-06-03,63.23
2013-06-04,63.71
2013-06-05,63.15
2013-06-06,62.97
2013-06-07,62.1
2013-06-10,62.03
2013-06-11,61.66
2013-06-12,61.11
2013-06-13,61.96
2013-06-14,61.38
2013-06-17,62.07
2013-06-18,62.38
2013-06-19,61.91
2013-06-20,60.92
2013-06-21,60.67
2013-06-24,59.88
2013-06-25,61.81
2013-06-26,61.27
2013-06-27,61.08
2013-06-28,61.09
2013-07-01,60.96
2013-07-02,60.92
2013-07-03,60.91
2013-07-05,60.95
2013-07-08,59.99
2013-07-09,59.39
2013-07-10,60.44
2013-07-11,61.3
2013-07-12,62.02
2013-07-15,61.28
2013-07-16,61.85
2013-07-17,62.65
2013-07-18,61.12
2013-07-19,61.46
2013-07-22,62.21
2013-07-23,62.3
2013-07-24,61.39
2013-07-25,63.42
2013-07-26,64.61
2013-07-29,64.24
2013-07-30,64.51
2013-07-31,64.56
2013-08-01,65.27
2013-08-02,66.75
2013-08-05,66.25
2013-08-06,65.59
2013-08-07,65.21
2013-08-08,66.35
2013-08-09,66.27
2013-08-12,66.46
2013-08-13,67.25
2013-08-14,66.96
2013-08-15,66.95
2013-08-16,66.9
2013-08-19,66.33
2013-08-20,66.71
2013-08-21,66.57
2013-08-22,67.13
2013-08-23,67.15
2013-08-26,66.95
2013-08-27,66.02
2013-08-28,66.56
2013-08-29,66.71
2013-08-30,66.28
2013-09-03,66.75
2013-09-04,67.28
2013-09-05,67.83
2013-09-06,68.02
2013-09-09,69.3
2013-09-10,70.09
2013-09-11,68.09
2013-09-12,68.81
2013-09-13,68.58
2013-09-16,68.09
2013-09-17,69.42
2013-09-18,69.64
2013-09-19,69.46
2013-09-20,69.06
2013-09-23,68.98
2013-09-24,68.51
2013-09-25,68.75
2013-09-26,68.87
2013-09-27,67.38
2013-09-30,67.32
2013-10-01,67.49
2013-10-02,67.68
2013-10-03,67.11
2013-10-04,68.02
2013-10-07,67.19
2013-10-08,66.35
2013-10-09,65.71
2013-10-10,66.84
2013-10-11,67.55
2013-10-14,67.75
2013-10-15,68.17
2013-10-16,68.87
2013-10-17,68.7
2013-10-18,68.4
2013-10-21,68.77
2013-10-22,68.92
2013-10-23,67.04
2013-10-24,66.94
2013-10-25,68.27
2013-10-28,68.54
2013-10-29,68.93
2013-10-30,69.04
2013-10-31,69.49
2013-11-01,69.9
2013-11-04,69.57
2013-11-05,69.01
2013-11-06,69.74
2013-11-07,67.09
2013-11-08,67.45
2013-11-11,67.62
2013-11-12,68.51
2013-11-13,70.03
2013-11-14,71.22
2013-11-15,72.17
2013-11-18,71.94
2013-11-19,71.84
2013-11-20,71.03
2013-11-21,71.71
2013-11-22,72.96
2013-11-25,72.49
2013-11-26,73.65
2013-11-27,73.56
2013-11-29,73.58
2013-12-02,73.44
2013-12-03,73.31
2013-12-04,73.18
2013-12-05,73.23
2013-12-06,73.76
2013-12-09,73.37
2013-12-10,73.38
2013-12-11,73.01
2013-12-12,72.73
2013-12-13,72.58
2013-12-16,72.79
2013-12-17,72.92
2013-12-18,73.18
2013-12-19,72.43
2013-12-20,72.91
2013-12-23,72.84
2013-12-24,73.04
2013-12-26,73.48
2013-12-27,73.8
2013-12-30,73.57
2013-12-31,74.25
2014-01-02,73.32
2014-01-03,72.89
2014-01-06,72.7
2014-01-07,73.24
2014-01-08,73.68
2014-01-09,73.91
2014-01-10,73.87
2014-01-13,73.22
2014-01-14,73.39
2014-01-15,74.51
2014-01-16,74.72
2014-01-17,74.73
2014-01-21,75.46
2014-01-22,75.78
2014-01-23,75.87
2014-01-24,74.08
2014-01-27,73.2
2014-01-28,71.99
2014-01-29,71.12
2014-01-30,73.26
2014-01-31,74.22
2014-02-03,73.32
2014-02-04,72.51
2014-02-05,72.37
2014-02-06,73.24
2014-02-07,74.41
2014-02-10,74.69
2014-02-11,75.62
2014-02-12,76.42
2014-02-13,76.44
2014-02-14,76.28
2014-02-18,75.6
2014-02-19,75.77
2014-02-20,75.95
2014-02-21,75.61
2014-02-24,75.43
2014-02-25,74.91
2014-02-26,75.05
2014-02-27,75.19
2014-02-28,75.29
2014-03-03,73.63
2014-03-04,76.11
2014-03-05,76.67
2014-03-06,77.0
2014-03-07,76.79
2014-03-10,77.07
2014-03-11,76.71
2014-03-12,76.97
2014-03-13,75.63
2014-03-14,74.74
2014-03-17,77.02
2014-03-18,77.45
2014-03-19,76.81
2014-03-20,78.1
2014-03-21,78.19
2014-03-24,77.74
2014-03-25,78.56
2014-03-26,78.31
2014-03-27,79.05
2014-03-28,79.28
2014-03-31,78.86
2014-04-01,80.1
2014-04-02,80.14
2014-04-03,80.55
2014-04-04,78.53
2014-04-07,78.08
2014-04-08,78.89
2014-04-09,79.93
2014-04-10,78.07
2014-04-11,78.01
2014-04-14,79.14
2014-04-15,79.49
2014-04-16,80.18
2014-04-17,81.32
2014-04-21,80.93
2014-04-22,80.61
2014-04-23,80.71
2014-04-24,77.87
2014-04-25,77.61
2014-04-28,78.05
2014-04-29,78.52
2014-04-30,78.71
2014-05-01,78.99
2014-05-02,78.99
2014-05-05,79.56
2014-05-06,79.31
2014-05-07,79.33
2014-05-08,79.5
2014-05-09,79.5
2014-05-12,79.97
2014-05-13,80.37
2014-05-14,80.41
2014-05-15,79.78
2014-05-16,79.42
2014-05-19,79.81
2014-05-20,79.86
2014-05-21,79.67
2014-05-22,79.56
2014-05-23,79.88
2014-05-27,80.46
2014-05-28,80.22
2014-05-29,80.19
2014-05-30,80.45
2014-06-02,80.48
2014-06-03,80.4
2014-06-04,79.92
2014-06-05,79.66
2014-06-06,80.38
2014-06-09,79.95
2014-06-10,79.18
2014-06-11,79.21
2014-06-12,79.34
2014-06-13,79.11
2014-06-16,78.65
2014-06-17,79.16
2014-06-18,79.19
2014-06-19,79.75
2014-06-20,79.86
2014-06-23,79.43
2014-06-24,78.78
2014-06-25,78.05
2014-06-26,78.77
2014-06-27,78.99
2014-06-30,79.2
2014-07-01,79.73
2014-07-02,80.17
2014-07-03,80.99
2014-07-07,80.82
2014-07-08,80.65
2014-07-09,80.77
2014-07-10,80.43
2014-07-11,79.6
2014-07-14,79.52
2014-07-15,79.44
2014-07-16,79.62
2014-07-17,78.11
2014-07-18,79.39
2014-07-21,79.67
2014-07-22,81.53
2014-07-23,81.6
2014-07-24,76.17
2014-07-25,76.1
2014-07-28,75.83
2014-07-29,75.31
2014-07-30,76.04
2014-07-31,73.72
2014-08-01,72.55
2014-08-04,73.26
2014-08-05,72.75
2014-08-06,72.89
2014-08-07,72.49
2014-08-08,73.88
2014-08-11,74.73
2014-08-12,74.14
2014-08-13,74.5
2014-08-14,74.76
2014-08-15,74.41
2014-08-18,75.03
2014-08-19,75.13
2014-08-20,76.44
2014-08-21,76.77
2014-08-22,76.82
2014-08-25,76.59
2014-08-26,77.01
2014-08-27,76.97
2014-08-28,76.34
2014-08-29,76.1
2014-09-02,75.06
2014-09-03,74.89
2014-09-04,75.11
2014-09-05,75.81
2014-09-08,75.9
2014-09-09,75.84
2014-09-10,75.93
2014-09-11,76.11
2014-09-12,75.33
2014-09-15,75.08
2014-09-16,75.71
2014-09-17,75.83
2014-09-18,76.44
2014-09-19,75.53
2014-09-22,76.29
2014-09-23,75.83
2014-09-24,76.24
2014-09-25,74.81
2014-09-26,75.06
2014-09-29,74.82
2014-09-30,74.77
2014-10-01,73.88
2014-10-02,73.66
2014-10-03,74.86
2014-10-06,74.72
2014-10-07,73.51
2014-10-08,75.19
2014-10-09,74.08
2014-10-10,71.22
2014-10-13,70.71
2014-10-14,71.86
2014-10-15,71.2
2014-10-16,71.14
2014-10-17,72.43
2014-10-20,73.27
2014-10-21,75.0
2014-10-22,74.3
2014-10-23,75.14
2014-10-24,76.0
2014-10-27,75.84
2014-10-28,76.57
2014-10-29,76.89
2014-10-30,77.37
2014-10-31,78.51
2014-11-03,78.24
2014-11-04,77.11
2014-11-05,77.2
2014-11-06,70.58
2014-11-07,69.26
2014-11-10,69.36
2014-11-11,69.64
2014-11-12,70.29
2014-11-13,70.65
2014-11-14,70.85
2014-11-17,70.4
2014-11-18,72.01
2014-11-19,70.47
2014-11-20,70.71
2014-11-21,71.47
2014-11-24,71.69
2014-11-25,72.27
2014-11-26,72.26
2014-11-28,72.9
2014-12-01,71.79
2014-12-02,73.32
2014-12-03,74.37
2014-12-04,73.34
2014-12-05,73.37
2014-12-08,72.61
2014-12-09,73.01
2014-12-10,71.5
2014-12-11,71.99
2014-12-12,70.58
2014-12-15,70.37
2014-12-16,70.31
2014-12-17,72.21
2014-12-18,73.36
2014-12-19,73.43
2014-12-22,74.56
2014-12-23,74.6
2014-12-24,74.66
2014-12-26,75.62
2014-12-29,74.99
2014-12-30,75.02
2014-12-31,74.33
2015-01-02,74.28
2015-01-05,73.93
2015-01-06,72.88
2015-01-07,73.73
2015-01-08,74.51
2015-01-09,74.42
2015-01-12,73.57
2015-01-13,72.97
2015-01-14,72.22
2015-01-15,71.38
2015-01-16,71.29
2015-01-20,72.48
2015-01-21,71.59
2015-01-22,71.91
2015-01-23,72.18
2015-01-26,72.61
2015-01-27,71.77
2015-01-28,70.99
2015-01-29,63.69
2015-01-30,62.46
2015-02-02,65.53
2015-02-03,66.96
2015-02-04,66.96
2015-02-05,67.95
2015-02-06,66.35
2015-02-09,67.11
2015-02-10,70.26
2015-02-11,70.21
2015-02-12,70.39
2015-02-13,70.88
2015-02-17,70.8
2015-02-18,70.54
2015-02-19,70.98
2015-02-20,71.52
2015-02-23,70.94
2015-02-24,71.37
2015-02-25,71.68
2015-02-26,72.01
2015-02-27,72.51
2015-03-02,72.66
2015-03-03,71.41
2015-03-04,70.85
2015-03-05,70.93
2015-03-06,71.51
2015-03-09,72.71
2015-03-10,71.89
2015-03-11,70.27
2015-03-12,69.37
2015-03-13,68.64
2015-03-16,70.0
2015-03-17,69.82
2015-03-18,70.23
2015-03-19,69.83
2015-03-20,70.04
2015-03-23,70.07
2015-03-24,68.97
2015-03-25,67.21
2015-03-26,67.16
2015-03-27,67.03
2015-03-30,68.88
2015-03-31,69.34
2015-04-01,69.43
2015-04-02,67.97
2015-04-06,67.76
2015-04-07,67.32
2015-04-08,67.26
2015-04-09,68.81
2015-04-10,69.16
2015-04-13,68.73
2015-04-14,68.97
2015-04-15,68.46
2015-04-16,67.91
2015-04-17,67.11
2015-04-20,68.64
2015-04-21,68.57
2015-04-22,68.94
2015-04-23,68.34
2015-04-24,68.24
2015-04-27,69.23
2015-04-28,69.65
2015-04-29,68.67
2015-04-30,68.0
2015-05-01,68.42
2015-05-04,69.06
2015-05-05,68.37
2015-05-06,67.81
2015-05-07,68.43
2015-05-08,69.41
2015-05-11,69.05
2015-05-12,68.79
2015-05-13,69.73
2015-05-14,70.52
2015-05-15,71.06
2015-05-18,70.42
2015-05-19,69.62
2015-05-20,69.28
2015-05-21,70.09
2015-05-22,69.51
2015-05-26,69.36
2015-05-27,71.02
2015-05-28,70.6
2015-05-29,69.68
2015-06-01,69.42
2015-06-02,69.35
2015-06-03,69.86
2015-06-04,68.9
2015-06-05,68.26
2015-06-08,67.28
2015-06-09,66.84
2015-06-10,67.31
2015-06-11,67.6
2015-06-12,67.03
2015-06-15,66.63
2015-06-16,66.46
2015-06-17,66.55
2015-06-18,67.36
2015-06-19,66.88
2015-06-22,67.36
2015-06-23,66.98
2015-06-24,65.35
2015-06-25,65.26
2015-06-26,64.67
2015-06-29,62.62
2015-06-30,62.63
2015-07-01,62.9
2015-07-02,63.11
2015-07-06,63.11
2015-07-07,62.8
2015-07-08,61.91
2015-07-09,61.86
2015-07-10,62.73
2015-07-13,63.43
2015-07-14,63.94
2015-07-15,63.88
2015-07-16,64.55
2015-07-17,64.34
2015-07-20,63.79
2015-07-21,65.14
2015-07-22,64.19
2015-07-23,61.78
2015-07-24,61.64
2015-07-27,61.98
2015-07-28,63.1
2015-07-29,63.17
2015-07-30,64.41
2015-07-31,64.39
2015-08-03,64.43
2015-08-04,63.45
2015-08-05,63.88
2015-08-06,62.84
2015-08-07,63.02
2015-08-10,63.15
2015-08-11,62.55
2015-08-12,62.58
2015-08-13,62.03
2015-08-14,61.91
2015-08-17,62.07
2015-08-18,61.32
2015-08-19,61.18
2015-08-20,60.15
2015-08-21,57.61
2015-08-24,55.28
2015-08-25,53.88
2015-08-26,56.66
2015-08-27,57.36
2015-08-28,57.45
2015-08-31,56.58
2015-09-01,55.02
2015-09-02,55.86
2015-09-03,55.55
2015-09-04,54.29
2015-09-08,55.2
2015-09-09,54.32
2015-09-10,55.33
2015-09-11,54.66
2015-09-14,54.31
2015-09-15,54.87
2015-09-16,55.2
2015-09-17,54.98
2015-09-18,54.45
2015-09-21,54.39
2015-09-22,53.94
2015-09-23,53.56
2015-09-24,53.27
2015-09-25,53.22
2015-09-28,52.54
2015-09-29,52.43
2015-09-30,53.73
2015-10-01,53.18
2015-10-02,55.07
2015-10-05,56.23
2015-10-06,56.32
2015-10-07,56.61
2015-10-08,57.66
2015-10-09,57.78
2015-10-12,57.79
2015-10-13,57.51
2015-10-14,58.63
2015-10-15,59.26
2015-10-16,59.91
2015-10-19,59.1
2015-10-20,59.0
2015-10-21,58.97
2015-10-22,60.43
2015-10-23,60.73
2015-10-26,59.21
2015-10-27,59.28
2015-10-28,60.27
2015-10-29,60.0
2015-10-30,59.42
2015-11-02,60.64
2015-11-03,60.87
2015-11-04,60.26
2015-11-05,51.07
2015-11-06,53.42
2015-11-09,52.94
2015-11-10,52.27
2015-11-11,52.85
2015-11-12,52.58
2015-11-13,51.94
2015-11-16,52.77
2015-11-17,52.98
2015-11-18,48.0
2015-11-19,48.39
2015-11-20,49.62
2015-11-23,48.97
2015-11-24,49.41
2015-11-25,49.1
2015-11-27,48.54
2015-11-30,48.79
2015-12-01,49.3
2015-12-02,51.85
2015-12-03,51.4
2015-12-04,52.34
2015-12-07,52.43
2015-12-08,49.48
2015-12-09,48.59
2015-12-10,48.57
2015-12-11,47.46
2015-12-14,46.83
2015-12-15,48.02
2015-12-16,48.07
2015-12-17,47.54
2015-12-18,47.43
2015-12-21,48.76
2015-12-22,49.07
2015-12-23,49.04
2015-12-24,49.55
2015-12-28,49.58
2015-12-29,50.88
2015-12-30,50.41
2015-12-31,49.99
2016-01-04,50.12
2016-01-05,49.14
2016-01-06,48.64
2016-01-07,46.14
2016-01-08,45.88
2016-01-11,46.07
2016-01-12,46.52
2016-01-13,46.1
2016-01-14,47.73
2016-01-15,45.82
2016-01-19,46.09
2016-01-20,45.93
2016-01-21,47.05
2016-01-22,48.07
2016-01-25,47.58
2016-01-26,48.52
2016-01-27,47.53
2016-01-28,43.59
2016-01-29,45.34
2016-02-01,46.11
2016-02-02,43.15
2016-02-03,44.73
2016-02-04,45.66
2016-02-05,44.02
2016-02-08,43.89
2016-02-09,43.61
2016-02-10,42.96
2016-02-11,43.0
2016-02-12,44.56
2016-02-16,46.73
2016-02-17,48.41
2016-02-18,49.08
2016-02-19,49.42
2016-02-22,51.28
2016-02-23,50.42
2016-02-24,51.52
2016-02-25,51.64
2016-02-26,51.62
2016-02-29,50.79
2016-03-01,52.11
2016-03-02,52.85
2016-03-03,52.38
2016-03-04,52.66
2016-03-07,53.3
2016-03-08,52.46
2016-03-09,51.95
2016-03-10,52.02
2016-03-11,52.22
2016-03-14,52.09
2016-03-15,51.63
2016-03-16,51.3
2016-03-17,51.38
2016-03-18,51.59
2016-03-21,52.21
2016-03-22,52.02
2016-03-23,50.99
2016-03-24,50.86
2016-03-28,50.19
2016-03-29,50.69
2016-03-30,50.99
2016-03-31,51.14
2016-04-01,50.88
2016-04-04,50.65
2016-04-05,50.07
2016-04-06,50.62
2016-04-07,50.03
2016-04-08,50.56
2016-04-11,51.0
2016-04-12,50.82
2016-04-13,51.92
2016-04-14,51.82
2016-04-15,51.06
2016-04-18,51.55
2016-04-19,51.83
2016-04-20,52.09
2016-04-21,51.67
2016-04-22,52.64
2016-04-25,52.43
2016-04-26,52.91
2016-04-27,52.9
2016-04-28,52.13
2016-04-29,50.52
2016-05-02,51.11
2016-05-03,50.73
2016-05-04,50.49
2016-05-05,51.13
2016-05-06,50.92
2016-05-09,51.2
2016-05-10,52.15
2016-05-11,52.15
2016-05-12,51.51
2016-05-13,51.32
2016-05-16,51.91
2016-05-17,51.99
2016-05-18,52.79
2016-05-19,52.76
2016-05-20,54.52
2016-05-23,54.18
2016-05-24,55.59
2016-05-25,55.98
2016-05-26,55.74
2016-05-27,55.27
2016-05-31,54.92
2016-06-01,54.79
2016-06-02,54.88
2016-06-03,54.94
2016-06-06,54.89
2016-06-07,54.84
2016-06-08,54.94
2016-06-09,54.98
2016-06-10,53.83
2016-06-13,52.83
2016-06-14,52.7
2016-06-15,53.28
2016-06-16,53.42
2016-06-17,53.55
2016-06-20,53.89
2016-06-21,53.88
2016-06-22,54.04
2016-06-23,55.55
2016-06-24,52.12
2016-06-27,51.14
2016-06-28,52.51
2016-06-29,53.55
2016-06-30,53.57
2016-07-01,53.0
2016-07-05,51.94
2016-07-06,52.37
2016-07-07,52.93
2016-07-08,54.19
2016-07-11,54.12
2016-07-12,54.62
2016-07-13,54.83
2016-07-14,54.88
2016-07-15,54.75
2016-07-18,55.35
2016-07-19,55.14
2016-07-20,55.82
2016-07-21,59.93
2016-07-22,61.15
2016-07-25,60.73
2016-07-26,61.35
2016-07-27,62.51
2016-07-28,62.43
2016-07-29,62.58
2016-08-01,61.85
2016-08-02,60.6
2016-08-03,61.01
2016-08-04,60.98
2016-08-05,62.0
2016-08-08,61.58
2016-08-09,61.99
2016-08-10,61.71
2016-08-11,61.74
2016-08-12,61.71
2016-08-15,62.43
2016-08-16,62.07
2016-08-17,62.28
2016-08-18,63.04
2016-08-19,62.76
2016-08-22,62.83
2016-08-23,63.09
2016-08-24,62.61
2016-08-25,62.64
2016-08-26,62.97
2016-08-29,62.98
2016-08-30,62.94
2016-08-31,63.07
2016-09-01,63.47
2016-09-02,63.35
2016-09-06,63.09
2016-09-07,62.43
2016-09-08,62.69
2016-09-09,60.52
2016-09-12,62.25
2016-09-13,61.29
2016-09-14,61.59
2016-09-15,62.54
2016-09-16,62.99
2016-09-19,62.86
2016-09-20,62.7
2016-09-21,63.57
2016-09-22,63.52
2016-09-23,62.75
2016-09-26,62.31
2016-09-27,63.31
2016-09-28,63.45
2016-09-29,67.45
2016-09-30,68.5
2016-10-03,67.11
2016-10-04,66.68
2016-10-05,66.84
2016-10-06,67.54
2016-10-07,68.19
2016-10-10,67.25
2016-10-11,66.09
2016-10-12,66.06
2016-10-13,65.7
2016-10-14,65.7
2016-10-17,65.19
2016-10-18,66.1
2016-10-19,65.79
2016-10-20,67.34
2016-10-21,67.93
2016-10-24,68.06
2016-10-25,67.71
2016-10-26,68.2
2016-10-27,70.09
2016-10-28,68.4
2016-10-31,68.72
2016-11-01,68.34
2016-11-02,67.09
2016-11-03,66.95
2016-11-04,66.73
2016-11-07,68.46
2016-11-08,68.27
2016-11-09,67.88
2016-11-10,66.31
2016-11-11,66.88
2016-11-14,65.93
2016-11-15,66.77
2016-11-16,66.3
2016-11-17,66.67
2016-11-18,67.31
2016-11-21,67.1
2016-11-22,68.31
2016-11-23,68.13
2016-11-25,68.29
2016-11-28,67.1
2016-11-29,66.77
2016-11-30,68.13
2016-12-01,64.16
2016-12-02,65.84
2016-12-05,66.36
2016-12-06,67.45
2016-12-07,68.34
2016-12-08,68.55
2016-12-09,68.52
2016-12-12,68.47
2016-12-13,69.34
2016-12-14,67.56
2016-12-15,68.03
2016-12-16,66.46
2016-12-19,67.02
2016-12-20,66.91
2016-12-21,67.16
2016-12-22,66.76
2016-12-23,66.86
2016-12-27,67.25
2016-12-28,65.75
2016-12-29,66.04
2016-12-30,65.2
2017-01-03,65.4
2017-01-04,65.47
2017-01-05,65.55
2017-01-06,65.53
2017-01-09,65.65
2017-01-10,65.63
2017-01-11,66.1
2017-01-12,66.12
2017-01-13,66.88
2017-01-17,64.19
2017-01-18,65.13
2017-01-19,64.44
2017-01-20,62.88
2017-01-23,54.88
2017-01-24,55.0
2017-01-25,56.9
2017-01-26,54.05
2017-01-27,54.24
2017-01-30,53.61
2017-01-31,53.43
2017-02-01,53.15
2017-02-02,52.66
2017-02-03,52.98
2017-02-06,52.88
2017-02-07,53.27
2017-02-08,52.89
2017-02-09,52.88
2017-02-10,54.0
2017-02-13,54.93
2017-02-14,55.48
2017-02-15,56.49
2017-02-16,56.88
2017-02-17,56.46
2017-02-21,56.75
2017-02-22,57.1
2017-02-23,57.14
2017-02-24,57.22
2017-02-27,56.73
2017-02-28,56.48
2017-03-01,57.01
2017-03-02,56.37
2017-03-03,56.44
2017-03-06,56.45
2017-03-07,56.73
2017-03-08,57.77
2017-03-09,57.97
2017-03-10,58.64
2017-03-13,58.46
2017-03-14,58.22
2017-03-15,58.52
2017-03-16,58.35
2017-03-17,57.55
2017-03-20,57.81
2017-03-21,56.8
2017-03-22,57.04
2017-03-23,56.81
2017-03-24,56.92
2017-03-27,56.66
2017-03-28,57.38
2017-03-29,57.36
2017-03-30,57.2
2017-03-31,57.34
2017-04-03,56.5
2017-04-04,56.68
2017-04-05,56.47
2017-04-06,56.53
2017-04-07,56.32
2017-04-10,56.52
2017-04-11,55.35
2017-04-12,53.39
2017-04-13,52.79
2017-04-17,52.89
2017-04-18,52.67
2017-04-19,52.61
2017-04-20,52.66
2017-04-21,52.5
2017-04-24,52.81
2017-04-25,53.0
2017-04-26,53.04
2017-04-27,53.21
2017-04-28,53.74
2017-05-01,53.6
2017-05-02,53.29
2017-05-03,54.49
2017-05-04,54.91
2017-05-05,54.93
2017-05-08,54.62
2017-05-09,55.15
2017-05-10,55.33
2017-05-11,54.68
2017-05-12,55.32
2017-05-15,55.4
2017-05-16,55.95
2017-05-17,55.36
2017-05-18,56.12
2017-05-19,57.67
2017-05-22,59.28
2017-05-23,59.22
2017-05-24,58.64
2017-05-25,58.45
2017-05-26,57.52
2017-05-30,57.34
2017-05-31,57.27
2017-06-01,58.62
2017-06-02,58.58
2017-06-05,58.86
2017-06-06,58.2
2017-06-07,57.53
2017-06-08,58.12
2017-06-09,57.05
2017-06-12,57.49
2017-06-13,57.54
2017-06-14,57.01
2017-06-15,56.93
2017-06-16,56.82
2017-06-19,57.61
2017-06-20,56.79
2017-06-21,56.33
2017-06-22,56.47
2017-06-23,56.91
2017-06-26,56.56
2017-06-27,55.43
2017-06-28,56.16
2017-06-29,55.08
2017-06-30,55.22
2017-07-03,54.95
2017-07-05,55.45
2017-07-06,54.79
2017-07-07,55.35
2017-07-10,55.64
2017-07-11,55.33
2017-07-12,56.2
2017-07-13,56.23
2017-07-14,56.81
2017-07-17,56.46
2017-07-18,56.29
2017-07-19,56.78
2017-07-20,53.97
2017-07-21,53.84
2017-07-24,53.22
2017-07-25,53.27
2017-07-26,53.14
2017-07-27,52.49
2017-07-28,52.88
2017-07-31,53.19
2017-08-01,53.41
2017-08-02,53.17
2017-08-03,52.95
2017-08-04,52.62
2017-08-07,52.7
2017-08-08,52.29
2017-08-09,52.77
2017-08-10,52.34
2017-08-11,52.72
2017-08-14,53.55
2017-08-15,53.87
2017-08-16,53.31
2017-08-17,52.27
2017-08-18,51.92
2017-08-21,51.98
2017-08-22,52.35
2017-08-23,52.23
2017-08-24,52.49
2017-08-25,52.03
2017-08-28,51.81
2017-08-29,51.81
2017-08-30,52.12
2017-08-31,52.27
2017-09-01,52.05
2017-09-05,50.03
2017-09-06,50.45
2017-09-07,50.38
2017-09-08,49.64
2017-09-11,50.57
2017-09-12,50.9
2017-09-13,51.01
2017-09-14,51.48
2017-09-15,52.19
2017-09-18,52.25
2017-09-19,52.3
2017-09-20,51.98
2017-09-21,52.03
2017-09-22,52.09
2017-09-25,51.62
2017-09-26,51.13
2017-09-27,51.55
2017-09-28,51.75
2017-09-29,51.84
2017-10-02,51.88
2017-10-03,52.02
2017-10-04,51.96
2017-10-05,52.35
2017-10-06,52.49
2017-10-09,52.88
2017-10-10,53.87
2017-10-11,54.12
2017-10-12,53.0
2017-10-13,52.82
2017-10-16,52.38
2017-10-17,52.41
2017-10-18,52.21
2017-10-19,52.29
2017-10-20,52.02
2017-10-23,53.39
2017-10-24,54.25
2017-10-25,53.84
2017-10-26,53.8
2017-10-27,54.57
2017-10-30,54.66
2017-10-31,51.01
2017-11-01,53.46
2017-11-02,54.84
2017-11-03,61.81
2017-11-06,62.52
2017-11-07,64.1
2017-11-08,65.49
2017-11-09,64.6
2017-11-10,64.57
2017-11-13,66.49
2017-11-14,66.0
2017-11-15,65.61
2017-11-16,66.11
2017-11-17,66.72
2017-11-20,66.47
2017-11-21,66.67
2017-11-22,68.13
2017-11-24,68.91
2017-11-27,68.14
2017-11-28,68.38
2017-11-29,66.52
2017-11-30,66.34
2017-12-01,65.49
2017-12-04,64.56
2017-12-05,64.69
2017-12-06,64.98
2017-12-07,65.23
2017-12-08,64.24
2017-12-11,65.18
2017-12-12,64.86
2017-12-13,64.9
2017-12-14,64.7
2017-12-15,64.76
2017-12-18,65.38
2017-12-19,64.5
2017-12-20,64.6
2017-12-21,64.39
2017-12-22,64.73
2017-12-26,64.3
2017-12-27,64.54
2017-12-28,64.38
2017-12-29,64.02
2018-01-02,65.2
2018-01-03,65.94
2018-01-04,66.03
2018-01-05,66.47
2018-01-08,66.27
2018-01-09,65.27
2018-01-10,65.26
2018-01-11,65.43
2018-01-12,65.38
2018-01-16,68.25
2018-01-17,68.02
2018-01-18,68.05
2018-01-19,68.04
2018-01-22,68.67
2018-01-23,68.34
2018-01-24,67.98
2018-01-25,67.42
2018-01-26,68.53
2018-01-29,67.32
2018-01-30,66.99
2018-01-31,68.25
2018-02-01,66.8
2018-02-02,66.07
2018-02-05,61.73
2018-02-06,64.4
2018-02-07,65.04
2018-02-08,62.42
2018-02-09,63.99
2018-02-12,65.66
2018-02-13,65.7
2018-02-14,66.59
2018-02-15,65.28
2018-02-16,64.85
2018-02-20,63.99
2018-02-21,63.4
2018-02-22,62.18
2018-02-23,63.32
2018-02-26,66.98
2018-02-27,66.34
2018-02-28,65.0
2018-03-01,64.96
2018-03-02,64.74
2018-03-05,64.01
2018-03-06,62.14
2018-03-07,62.49
2018-03-08,61.82
2018-03-09,63.03
2018-03-12,62.81
2018-03-13,59.7
2018-03-14,60.12
2018-03-15,59.89
2018-03-16,60.62
2018-03-19,58.37
2018-03-20,58.26
2018-03-21,56.81
2018-03-22,55.58
2018-03-23,53.66
2018-03-26,56.13
2018-03-27,54.84
2018-03-28,54.7
2018-03-29,55.41
2018-04-02,53.81
2018-04-03,54.78
2018-04-04,54.99
2018-04-05,55.04
2018-04-06,53.12
2018-04-09,53.43
2018-04-10,54.77
2018-04-11,55.01
2018-04-12,55.2
2018-04-13,55.73
2018-04-16,54.77
2018-04-17,55.35
2018-04-18,55.23
2018-04-19,52.57
2018-04-20,51.44
2018-04-23,50.53
2018-04-24,49.94
2018-04-25,49.75
2018-04-26,50.47
2018-04-27,51.11
2018-04-30,51.01
2018-05-01,50.82
2018-05-02,50.26
2018-05-03,50.31
2018-05-04,52.49
2018-05-07,53.01
2018-05-08,52.86
2018-05-09,53.17
2018-05-10,54.97
2018-05-11,55.23
2018-05-14,56.74
2018-05-15,55.64
2018-05-16,56.7
2018-05-17,56.95
2018-05-18,57.51
2018-05-21,57.71
2018-05-22,57.39
2018-05-23,58.82
2018-05-24,59.08
2018-05-25,59.96
2018-05-29,58.23
2018-05-30,58.39
2018-05-31,58.12
2018-06-01,58.61
2018-06-04,58.71
2018-06-05,58.98
2018-06-06,59.84
2018-06-07,60.64
2018-06-08,60.26
2018-06-11,59.93
2018-06-12,59.79
2018-06-13,59.22
2018-06-14,59.46
2018-06-15,59.86
2018-06-18,59.2
2018-06-19,58.7
2018-06-20,58.79
2018-06-21,58.75
2018-06-22,58.5
2018-06-25,57.05
2018-06-26,56.45
2018-06-27,55.17
2018-06-28,55.9
2018-06-29,56.12
2018-07-02,56.18
2018-07-03,55.33
2018-07-05,57.38
2018-07-06,57.84
2018-07-09,58.04
2018-07-10,58.37
2018-07-11,57.3
2018-07-12,58.32
2018-07-13,58.39
2018-07-16,58.35
2018-07-17,58.91
2018-07-18,58.76
2018-07-19,59.31
2018-07-20,58.61
2018-07-23,59.08
2018-07-24,58.85
2018-07-25,59.42
2018-07-26,63.58
2018-07-27,62.69
2018-07-30,62.04
2018-07-31,64.09
2018-08-01,64.35
2018-08-02,64.77
2018-08-03,65.4
2018-08-06,65.73
2018-08-07,65.44
2018-08-08,65.16
2018-08-09,65.08
2018-08-10,64.82
2018-08-13,64.84
2018-08-14,65.43
2018-08-15,65.68
2018-08-16,65.76
2018-08-17,66.06
2018-08-20,66.16
2018-08-21,66.55
2018-08-22,66.84
2018-08-23,66.86
2018-08-24,67.15
2018-08-27,67.34
2018-08-28,69.78
2018-08-29,69.2
2018-08-30,68.14
2018-08-31,68.71
2018-09-04,69.98
2018-09-05,70.89
2018-09-06,70.36
2018-09-07,70.38
2018-09-10,72.32
2018-09-11,72.51
2018-09-12,71.75
2018-09-13,74.61
2018-09-14,75.09
2018-09-17,73.24
2018-09-18,74.72
2018-09-19,74.06
2018-09-20,74.6
2018-09-21,73.7
2018-09-24,73.58
2018-09-25,72.74
2018-09-26,71.76
2018-09-27,71.71
2018-09-28,72.03
2018-10-01,72.6
2018-10-02,73.35
2018-10-03,72.64
2018-10-04,72.38
2018-10-05,71.21
2018-10-08,70.93
2018-10-09,70.13
2018-10-10,66.73
2018-10-11,64.29
2018-10-12,64.29
2018-10-15,64.17
2018-10-16,66.12
2018-10-17,66.1
2018-10-18,65.15
2018-10-19,65.36
2018-10-22,66.12
2018-10-23,66.38
2018-10-24,62.62
2018-10-25,63.2
2018-10-26,62.48
2018-10-29,62.17
2018-10-30,63.18
2018-10-31,62.89
2018-11-01,63.71
2018-11-02,63.33
2018-11-05,63.47
2018-11-06,63.63
2018-11-07,63.21
2018-11-08,58.05
2018-11-09,56.72
2018-11-12,54.49
2018-11-13,54.16
2018-11-14,53.94
2018-11-15,55.39
2018-11-16,55.88
2018-11-19,54.9
2018-11-20,54.92
2018-11-21,55.27
2018-11-23,55.25
2018-11-26,55.73
2018-11-27,55.57
2018-11-28,56.65
2018-11-29,58.11
2018-11-30,58.26
2018-12-03,59.14
2018-12-04,57.73
2018-12-06,57.11
2018-12-07,55.99
2018-12-10,57.24
2018-12-11,57.35
2018-12-12,57.72
2018-12-13,58.09
2018-12-14,57.62
2018-12-17,57.0
2018-12-18,57.78
2018-12-19,56.69
2018-12-20,56.37
2018-12-21,54.85
2018-12-24,53.65
2018-12-26,55.96
2018-12-27,56.09
2018-12-28,56.81
2018-12-31,56.91
2019-01-02,57.4
2019-01-03,55.7
2019-01-04,56.6
2019-01-07,56.44
2019-01-08,55.95
2019-01-09,56.61
2019-01-10,56.8
2019-01-11,57.5
2019-01-14,57.3
2019-01-15,55.73
2019-01-16,55.27
2019-01-17,54.77
2019-01-18,55.27
2019-01-22,54.29
2019-01-23,51.77
2019-01-24,50.81
2019-01-25,51.3
2019-01-28,50.64
2019-01-29,49.4
2019-01-30,50.17
2019-01-31,49.52
2019-02-01,49.61
2019-02-04,49.69
2019-02-05,50.73
2019-02-06,51.1
2019-02-07,50.55
2019-02-08,50.29
2019-02-11,50.83
2019-02-12,51.66
2019-02-13,51.59
2019-02-14,51.57
2019-02-15,51.98
2019-02-19,52.01
2019-02-20,52.45
2019-02-21,52.35
2019-02-22,53.12
2019-02-25,52.99
2019-02-26,53.03
2019-02-27,53.04
2019-02-28,53.39
2019-03-01,54.2
2019-03-04,53.78
2019-03-05,53.94
2019-03-06,54.8
2019-03-07,54.03
2019-03-08,53.53
2019-03-11,54.35
2019-03-12,54.84
2019-03-13,55.39
2019-03-14,55.4
2019-03-15,56.6
2019-03-18,56.83
2019-03-19,56.97
2019-03-20,57.16
2019-03-21,57.77
2019-03-22,56.82
2019-03-25,56.64
2019-03-26,58.0
2019-03-27,56.91
2019-03-28,56.55
2019-03-29,57.03
2019-04-01,57.81
2019-04-02,58.09
2019-04-03,57.68
2019-04-04,57.86
2019-04-05,57.99
2019-04-08,57.76
2019-04-09,57.44
2019-04-10,56.33
2019-04-11,55.9
2019-04-12,56.95
2019-04-15,57.18
2019-04-16,70.45
2019-04-17,79.08
2019-04-18,79.89
2019-04-22,81.97
2019-04-23,86.72
2019-04-24,86.83
2019-04-25,85.07
2019-04-26,86.64
2019-04-29,87.25
2019-04-30,86.13
2019-05-01,86.37
2019-05-02,87.14
2019-05-03,89.29
2019-05-06,88.25
2019-05-07,85.2
2019-05-08,84.54
2019-05-09,83.78
2019-05-10,85.84
2019-05-13,83.89
2019-05-14,86.13
2019-05-15,86.26
2019-05-16,82.81
2019-05-17,81.5
2019-05-20,76.62
2019-05-21,77.75
2019-05-22,69.31
2019-05-23,68.26
2019-05-24,66.21
2019-05-28,65.37
2019-05-29,65.76
2019-05-30,66.59
2019-05-31,66.82
2019-06-03,66.66
2019-06-04,68.45
2019-06-05,67.02
2019-06-06,67.59
2019-06-07,68.69
2019-06-10,70.54
2019-06-11,71.24
2019-06-12,69.59
2019-06-13,69.93
2019-06-14,68.72
2019-06-17,69.11
2019-06-18,71.96
2019-06-19,71.8
2019-06-20,72.74
2019-06-21,72.72
2019-06-24,73.16
2019-06-25,72.55
2019-06-26,74.95
2019-06-27,75.43
2019-06-28,76.07
2019-07-01,77.52
2019-07-02,77.01
2019-07-03,76.63
2019-07-05,76.66
2019-07-08,76.63
2019-07-09,76.55
2019-07-10,74.36
2019-07-11,73.71
2019-07-12,74.9
2019-07-15,75.43
2019-07-16,75.67
2019-07-17,75.76
2019-07-18,74.37
2019-07-19,75.0
2019-07-22,75.95
2019-07-23,74.12
2019-07-24,75.87
2019-07-25,75.35
2019-07-26,75.22
2019-07-29,74.97
2019-07-30,74.81
2019-07-31,73.16
2019-08-01,71.2
2019-08-02,71.15
2019-08-05,68.8
2019-08-06,68.17
2019-08-07,69.4
2019-08-08,71.26
2019-08-09,71.5
2019-08-12,69.8
2019-08-13,72.18
2019-08-14,70.88
2019-08-15,71.16
2019-08-16,73.28
2019-08-19,74.87
2019-08-20,76.07
2019-08-21,76.7
2019-08-22,77.15
2019-08-23,73.52
2019-08-26,72.91
2019-08-27,73.97
2019-08-28,74.35
2019-08-29,76.45
2019-08-30,77.77
2019-09-03,75.12
2019-09-04,77.09
2019-09-05,78.99
2019-09-06,78.84
2019-09-09,78.21
2019-09-10,78.71
2019-09-11,79.9
2019-09-12,79.08
2019-09-13,78.41
2019-09-16,78.04
2019-09-17,78.69
2019-09-18,78.9
2019-09-19,78.23
2019-09-20,76.44
2019-09-23,77.24
2019-09-24,75.23
2019-09-25,77.26
2019-09-26,77.35
2019-09-27,76.63
2019-09-30,76.28
2019-10-01,75.47
2019-10-02,73.99
2019-10-03,75.73
2019-10-04,77.49
2019-10-07,76.34
2019-10-08,72.85
2019-10-09,74.35
2019-10-10,74.97
2019-10-11,76.7
2019-10-14,76.3
2019-10-15,77.82
2019-10-16,78.23
2019-10-17,78.97
2019-10-18,77.68
2019-10-21,78.98
2019-10-22,78.47
2019-10-23,77.24
2019-10-24,78.99
2019-10-25,80.17
2019-10-28,83.05
2019-10-29,81.66
2019-10-30,81.44
2019-10-31,80.44
2019-11-01,83.58
2019-11-04,85.09
2019-11-05,85.46
2019-11-06,84.63
2019-11-07,89.98
2019-11-08,94.03
2019-11-11,91.84
2019-11-12,90.97
2019-11-13,90.47
2019-11-14,90.48
2019-11-15,90.81
2019-11-18,90.48
2019-11-19,87.96
2019-11-20,85.62
2019-11-21,85.11
2019-11-22,84.89
2019-11-25,85.29
2019-11-26,84.63
2019-11-27,84.8
2019-11-29,83.55
2019-12-02,82.45
2019-12-03,80.58
2019-12-04,82.08
2019-12-05,82.59
2019-12-06,83.82
2019-12-09,84.92
2019-12-10,84.12
2019-12-11,86.99
2019-12-12,89.05
2019-12-13,87.83
2019-12-16,88.43
2019-12-17,88.32
2019-12-18,87.98
2019-12-19,88.49
2019-12-20,88.85
2019-12-23,88.45
2019-12-24,88.77
2019-12-26,88.4
2019-12-27,88.8
2019-12-30,88.43
2019-12-31,88.23
2020-01-02,88.69
2020-01-03,87.02
2020-01-06,86.51
2020-01-07,88.97
2020-01-08,88.71
2020-01-09,89.91
2020-01-10,90.26
2020-01-13,90.97
2020-01-14,90.56
2020-01-15,89.67
2020-01-16,91.79
2020-01-17,95.91
2020-01-21,94.54
2020-01-22,92.97
2020-01-23,92.0
2020-01-24,89.65
2020-01-27,87.05
2020-01-28,89.15
2020-01-29,88.23
2020-01-30,87.78
2020-01-31,85.31
2020-02-03,86.48
2020-02-04,88.93
2020-02-05,90.91
2020-02-06,90.61
2020-02-07,87.42
2020-02-10,88.6
2020-02-11,90.0
2020-02-12,91.72
2020-02-13,90.03
2020-02-14,89.6
2020-02-18,88.03
2020-02-19,90.56
2020-02-20,89.47
2020-02-21,87.03
2020-02-24,83.32
2020-02-25,80.22
2020-02-26,79.66
2020-02-27,75.94
2020-02-28,78.3
2020-03-02,80.56
2020-03-03,78.56
2020-03-04,81.8
2020-03-05,79.17
2020-03-06,77.47
2020-03-09,72.64
2020-03-10,78.89
2020-03-11,74.62
2020-03-12,67.02
2020-03-13,75.81
2020-03-16,64.48
2020-03-17,68.86
2020-03-18,61.19
2020-03-19,65.0
2020-03-20,60.91
2020-03-23,62.53
2020-03-24,65.46
2020-03-25,63.08
2020-03-26,68.98
2020-03-27,66.59
2020-03-30,69.03
2020-03-31,67.65
2020-04-01,65.9
2020-04-02,68.02
2020-04-03,65.23
2020-04-06,70.95
2020-04-07,72.73
2020-04-08,73.33
2020-04-09,71.58
2020-04-13,73.3
2020-04-14,77.55
2020-04-15,75.99
2020-04-16,76.85
2020-04-17,76.17
2020-04-20,74.31
2020-04-21,71.84
2020-04-22,74.68
2020-04-23,73.81
2020-04-24,76.04
2020-04-27,75.98
2020-04-28,75.29
2020-04-29,78.97
2020-04-30,78.67
2020-05-01,75.64
2020-05-04,75.68
2020-05-05,77.63
2020-05-06,78.87
2020-05-07,78.83
2020-05-08,80.56
2020-05-11,80.48
2020-05-12,78.42
2020-05-13,78.0
2020-05-14,79.87
2020-05-15,75.77
2020-05-18,79.94
2020-05-19,78.09
2020-05-20,80.63
2020-05-21,78.0
2020-05-22,78.7
2020-05-26,78.02
2020-05-27,79.29
2020-05-28,78.11
2020-05-29,80.88
2020-06-01,79.73
2020-06-02,84.63
2020-06-03,84.11
2020-06-04,86.04
2020-06-05,88.55
2020-06-08,91.37
2020-06-09,89.75
2020-06-10,91.01
2020-06-11,84.02
2020-06-12,85.24
2020-06-15,86.39
2020-06-16,89.52
2020-06-17,89.94
2020-06-18,89.92
2020-06-19,88.81
2020-06-22,89.13
2020-06-23,89.35
2020-06-24,89.14
2020-06-25,88.96
2020-06-26,88.02
2020-06-29,89.01
2020-06-30,91.21
2020-07-01,89.78
2020-07-02,91.87
2020-07-06,92.92
2020-07-07,92.14
2020-07-08,93.53
2020-07-09,93.25
2020-07-10,92.51
2020-07-13,91.33
2020-07-14,92.38
2020-07-15,92.55
2020-07-16,91.2
2020-07-17,92.23
2020-07-20,93.17
2020-07-21,92.31
2020-07-22,92.6
2020-07-23,89.67
2020-07-24,88.89
2020-07-27,92.7
2020-07-28,91.45
2020-07-29,93.03
2020-07-30,107.19
2020-07-31,105.61
2020-08-03,109.59
2020-08-04,110.95
2020-08-05,111.39
2020-08-06,111.06
2020-08-07,108.25
2020-08-10,106.36
2020-08-11,108.83
2020-08-12,115.79
2020-08-13,113.41
2020-08-14,113.74
2020-08-17,112.18
2020-08-18,112.03
2020-08-19,111.04
2020-08-20,110.66
2020-08-21,113.0
2020-08-24,115.91
2020-08-25,115.95
2020-08-26,116.04
2020-08-27,116.02
2020-08-28,118.2
2020-08-31,119.1
2020-09-01,122.01
2020-09-02,123.18
2020-09-03,116.43
2020-09-04,115.97
2020-09-08,109.77
2020-09-09,114.02
2020-09-10,112.44
2020-09-11,113.42
2020-09-14,113.46
2020-09-15,116.58
2020-09-16,114.56
2020-09-17,114.88
2020-09-18,110.69
2020-09-21,111.92
2020-09-22,113.82
2020-09-23,110.57
2020-09-24,112.19
2020-09-25,114.5
2020-09-28,118.47
2020-09-29,117.38
2020-09-30,117.68
2020-10-01,119.52
2020-10-02,115.47
2020-10-05,120.52
2020-10-06,119.54
2020-10-07,123.03
2020-10-08,122.34
2020-10-09,124.87
2020-10-12,126.69
2020-10-13,127.46
2020-10-14,129.88
2020-10-15,128.58
2020-10-16,129.03
2020-10-19,128.42
2020-10-20,128.3
2020-10-21,128.55
2020-10-22,128.38
2020-10-23,128.88
2020-10-26,126.2
2020-10-27,125.91
2020-10-28,121.58
2020-10-29,126.44
2020-10-30,123.36
2020-11-02,123.97
2020-11-03,125.45
2020-11-04,128.97
2020-11-05,145.41
2020-11-06,145.01
2020-11-09,142.61
2020-11-10,140.11
2020-11-11,147.69
2020-11-12,143.91
2020-11-13,144.26
2020-11-16,149.07
2020-11-17,148.74
2020-11-18,147.05
2020-11-19,147.53
2020-11-20,146.03
2020-11-23,143.82
2020-11-24,145.93
2020-11-25,144.08
2020-11-27,143.83
2020-11-30,147.17
2020-12-01,151.26
2020-12-02,149.98
2020-12-03,149.91
2020-12-04,157.62
2020-12-07,158.02
2020-12-08,158.8
2020-12-09,156.02
2020-12-10,155.75
2020-12-11,144.28
2020-12-14,146.29
2020-12-15,148.36
2020-12-16,149.74
2020-12-17,149.53
2020-12-18,147.42
2020-12-21,146.8
2020-12-22,146.34
2020-12-23,146.96
2020-12-24,148.79
2020-12-28,147.74
2020-12-29,148.49
2020-12-30,149.95
2020-12-31,152.34
2021-01-04,148.5
2021-01-05,152.43
2021-01-06,151.19
2021-01-07,155.7
2021-01-08,156.64
2021-01-11,156.11
2021-01-12,154.45
2021-01-13,157.42
2021-01-14,160.85
2021-01-15,157.09
2021-01-19,163.77
2021-01-20,164.6
2021-01-21,164.75
2021-01-22,162.42
2021-01-25,164.4
2021-01-26,162.55
2021-01-27,153.67
2021-01-28,155.55
2021-01-29,156.28
2021-02-01,161.58
2021-02-02,164.78
2021-02-03,162.3
2021-02-04,147.97
2021-02-05,145.84
2021-02-08,147.38
2021-02-09,146.11
2021-02-10,145.5
2021-02-11,145.56
2021-02-12,147.98
2021-02-16,147.16
2021-02-17,144.75
2021-02-18,143.91
2021-02-19,144.94
2021-02-22,139.46
2021-02-23,137.12
2021-02-24,141.1
2021-02-25,135.53
2021-02-26,136.19
2021-03-01,139.49
2021-03-02,137.04
2021-03-03,131.66
2021-03-04,127.8
2021-03-05,129.75
2021-03-08,123.2
2021-03-09,129.11
2021-03-10,127.87
2021-03-11,131.74
2021-03-12,129.98
2021-03-15,131.64
2021-03-16,133.65
2021-03-17,133.92
2021-03-18,129.75
2021-03-19,131.02
2021-03-22,134.09
2021-03-23,132.52
2021-03-24,127.18
2021-03-25,127.28
2021-03-26,132.99
2021-03-29,131.27
2021-03-30,130.11
2021-03-31,132.59
2021-04-01,137.79
2021-04-05,140.33
2021-04-06,138.06
2021-04-07,139.43
2021-04-08,140.34
2021-04-09,140.57
2021-04-12,137.44
2021-04-13,137.3
2021-04-14,134.75
2021-04-15,137.84
2021-04-16,138.21
2021-04-19,135.25
2021-04-20,133.4
2021-04-21,136.19
2021-04-22,132.97
2021-04-23,135.43
2021-04-26,138.96
2021-04-27,138.01
2021-04-28,136.57
2021-04-29,142.68
2021-04-30,138.8
2021-05-03,137.43
2021-05-04,134.12
2021-05-05,134.65
2021-05-06,136.0
2021-05-07,137.85
2021-05-10,128.94
2021-05-11,128.37
2021-05-12,124.62
2021-05-13,127.11
2021-05-14,130.15
2021-05-17,129.8
2021-05-18,128.91
2021-05-19,130.66
2021-05-20,132.64
2021-05-21,131.46
2021-05-24,132.91
2021-05-25,133.75
2021-05-26,133.09
2021-05-27,133.64
2021-05-28,134.54
2021-06-01,133.94
2021-06-02,133.82
2021-06-03,131.78
2021-06-04,134.34
2021-06-07,133.32
2021-06-08,134.2
2021-06-09,132.89
2021-06-10,134.22
2021-06-11,134.62
2021-06-14,137.31
2021-06-15,135.58
2021-06-16,134.95
2021-06-17,135.35
2021-06-18,133.0
2021-06-21,133.96
2021-06-22,135.08
2021-06-23,135.52
2021-06-24,137.92
2021-06-25,137.65
2021-06-28,139.72
2021-06-29,142.62
2021-06-30,142.93
2021-07-01,140.8
2021-07-02,142.58
2021-07-06,141.19
2021-07-07,139.97
2021-07-08,138.29
2021-07-09,141.43
2021-07-12,142.47
2021-07-13,141.18
2021-07-14,143.75
2021-07-15,141.46
2021-07-16,139.71
2021-07-19,138.79
2021-07-20,139.55
2021-07-21,142.17
2021-07-22,142.44
2021-07-23,144.88
2021-07-26,143.5
2021-07-27,140.93
2021-07-28,142.44
2021-07-29,150.99
2021-07-30,149.8
2021-08-02,148.86
2021-08-03,147.95
2021-08-04,148.22
2021-08-05,146.83
2021-08-06,146.28
2021-08-09,146.92
2021-08-10,145.87
2021-08-11,146.68
2021-08-12,147.15
2021-08-13,148.64
2021-08-16,148.13
2021-08-17,144.41
2021-08-18,142.18
2021-08-19,140.61
2021-08-20,142.09
2021-08-23,144.14
2021-08-24,144.46
2021-08-25,143.87
2021-08-26,142.38
2021-08-27,144.85
2021-08-30,145.94
2021-08-31,146.69
2021-09-01,146.45
2021-09-02,145.12
2021-09-03,144.63
2021-09-07,143.75
2021-09-08,142.52
2021-09-09,141.58
2021-09-10,142.68
2021-09-13,143.41
2021-09-14,141.14
2021-09-15,138.24
2021-09-16,138.4
2021-09-17,133.6
2021-09-20,132.76
2021-09-21,131.75
2021-09-22,133.01
2021-09-23,133.91
2021-09-24,133.88
2021-09-27,133.48
2021-09-28,129.9
2021-09-29,129.28
2021-09-30,128.98
2021-10-01,128.71
2021-10-04,126.68
2021-10-05,127.53
2021-10-06,128.06
2021-10-07,127.84
2021-10-08,126.55
2021-10-11,124.94
2021-10-12,122.95
2021-10-13,125.04
2021-10-14,128.66
2021-10-15,130.2
2021-10-18,130.12
2021-10-19,132.5
2021-10-20,132.16
2021-10-21,133.05
2021-10-22,131.62
2021-10-25,131.93
2021-10-26,131.94
2021-10-27,131.2
2021-10-28,133.69
2021-10-29,133.04
2021-11-01,134.81
2021-11-02,135.23
2021-11-03,138.48
2021-11-04,156.11
2021-11-05,163.03
2021-11-08,165.85
2021-11-09,166.74
2021-11-10,159.8
2021-11-11,164.42
2021-11-12,164.94
2021-11-15,168.51
2021-11-16,181.81
2021-11-17,183.54
2021-11-18,186.32
2021-11-19,185.0
2021-11-22,181.4
2021-11-23,180.94
2021-11-24,180.71
2021-11-26,175.74
2021-11-29,183.74
2021-11-30,180.56
2021-12-01,175.63
2021-12-02,177.03
2021-12-03,176.51
2021-12-06,175.45
2021-12-07,183.72
2021-12-08,182.63
2021-12-09,182.26
2021-12-10,183.88
2021-12-13,183.32
2021-12-14,181.98
2021-12-15,189.28
2021-12-16,178.15
2021-12-17,176.8
2021-12-20,176.67
2021-12-21,179.58
2021-12-22,181.38
2021-12-23,182.74
2021-12-27,186.33
2021-12-28,184.82
2021-12-29,186.2
2021-12-30,182.73
2021-12-31,182.87
2022-01-03,186.21
2022-01-04,187.23
2022-01-05,186.5
2022-01-06,185.95
2022-01-07,180.41
2022-01-10,179.68
2022-01-11,185.4
2022-01-12,186.42
2022-01-13,183.89
2022-01-14,188.69
2022-01-18,178.86
2022-01-19,172.47
2022-01-20,166.5
2022-01-21,164.93
2022-01-24,170.07
2022-01-25,165.45
2022-01-26,167.0
2022-01-27,161.2
2022-01-28,166.81
2022-01-31,175.76
2022-02-01,177.13
2022-02-02,188.2
2022-02-03,179.1
2022-02-04,179.47
2022-02-07,175.09
2022-02-08,178.59
2022-02-09,183.95
2022-02-10,174.07
2022-02-11,164.64
2022-02-14,165.13
2022-02-15,173.0
2022-02-16,172.6
2022-02-17,166.8
2022-02-18,167.64
2022-02-22,165.89
2022-02-23,161.62
2022-02-24,167.98
2022-02-25,170.93
2022-02-28,171.99
2022-03-01,163.69
2022-03-02,169.25
2022-03-03,165.35
2022-03-04,162.26
2022-03-07,150.1
2022-03-08,150.76
2022-03-09,157.11
2022-03-10,154.71
2022-03-11,152.34
2022-03-14,141.29
2022-03-15,144.21
2022-03-16,150.45
2022-03-17,152.83
2022-03-18,153.99
2022-03-21,155.59
2022-03-22,157.61
2022-03-23,152.87
2022-03-24,158.46
2022-03-25,157.97
2022-03-28,158.45
2022-03-29,161.07
2022-03-30,152.73
2022-03-31,152.82
2022-04-01,146.99
2022-04-04,153.81
2022-04-05,145.46
2022-04-06,139.28
2022-04-07,139.22
2022-04-08,136.69
2022-04-11,135.36
2022-04-12,136.09
2022-04-13,140.5
2022-04-14,136.91
2022-04-18,139.32
2022-04-19,141.05
2022-04-20,140.34
2022-04-21,136.11
2022-04-22,132.81
2022-04-25,136.56
2022-04-26,133.5
2022-04-27,135.1
2022-04-28,148.19
2022-04-29,139.69
2022-05-02,145.27
2022-05-03,144.26
2022-05-04,149.05
2022-05-05,141.64
2022-05-06,140.58
2022-05-09,134.92
2022-05-10,136.81
2022-05-11,132.3
2022-05-12,131.77
2022-05-13,134.93
2022-05-16,133.91
2022-05-17,139.69
2022-05-18,130.45
2022-05-19,130.57
2022-05-20,131.6
2022-05-23,132.12
2022-05-24,128.53
2022-05-25,131.23
2022-05-26,134.84
2022-05-27,139.76
2022-05-31,143.22
2022-06-01,140.02
2022-06-02,146.2
2022-06-03,141.22
2022-06-06,140.44
2022-06-07,141.89
2022-06-08,138.96
2022-06-09,136.71
2022-06-10,133.2
2022-06-13,128.66
2022-06-14,130.26
2022-06-15,131.03
2022-06-16,120.82
2022-06-17,120.99
2022-06-21,124.39
2022-06-22,122.16
2022-06-23,120.09
2022-06-24,125.1
2022-06-27,127.18
2022-06-28,131.6
2022-06-29,130.23
2022-06-30,127.74
2022-07-01,123.53
2022-07-05,125.83
2022-07-06,127.06
2022-07-07,134.4
2022-07-08,136.01
2022-07-11,132.24
2022-07-12,132.95
2022-07-13,135.64
2022-07-14,141.9
2022-07-15,144.37
2022-07-18,141.69
2022-07-19,147.37
2022-07-20,151.71
2022-07-21,155.86
2022-07-22,153.7
2022-07-25,153.25
2022-07-26,149.97
2022-07-27,153.42
2022-07-28,146.45
2022-07-29,145.06
2022-08-01,147.43
2022-08-02,147.03
2022-08-03,149.16
2022-08-04,151.01
2022-08-05,150.21
2022-08-08,147.81
2022-08-09,142.51
2022-08-10,146.99
2022-08-11,147.83
2022-08-12,151.29
2022-08-15,152.13
2022-08-16,150.03
2022-08-17,148.53
2022-08-18,151.38
2022-08-19,147.6
2022-08-22,141.61
2022-08-23,140.72
2022-08-24,141.31
2022-08-25,146.25
2022-08-26,138.38
2022-08-29,137.08
2022-08-30,134.41
2022-08-31,132.27
2022-09-01,129.92
2022-09-02,128.48
2022-09-06,126.67
2022-09-07,128.6
2022-09-08,128.85
2022-09-09,132.05
2022-09-12,133.0
2022-09-13,124.93
2022-09-14,127.53
2022-09-15,124.98
2022-09-16,124.95
2022-09-19,126.65
2022-09-20,124.77
2022-09-21,124.62
2022-09-22,123.68
2022-09-23,121.19
2022-09-26,119.74
2022-09-27,120.34
2022-09-28,118.93
2022-09-29,114.84
2022-09-30,112.98
2022-10-03,117.22
2022-10-04,122.37
2022-10-05,124.89
2022-10-06,125.28
2022-10-07,120.91
2022-10-10,114.6
2022-10-11,110.03
2022-10-12,108.64
2022-10-13,112.86
2022-10-14,109.95
2022-10-17,111.59
2022-10-18,111.21
2022-10-19,112.85
2022-10-20,111.98
2022-10-21,115.74
2022-10-24,116.38
2022-10-25,119.17
2022-10-26,118.11
2022-10-27,114.7
2022-10-28,119.21
2022-10-31,117.66
2022-11-01,117.33
2022-11-02,112.5
2022-11-03,103.88
2022-11-04,106.69
2022-11-07,110.09
2022-11-08,112.54
2022-11-09,110.43
2022-11-10,120.68
2022-11-11,121.43
2022-11-14,120.8
2022-11-15,126.02
2022-11-16,120.73
2022-11-17,122.86
2022-11-18,123.85
2022-11-21,120.2
2022-11-22,123.65
2022-11-23,125.15
2022-11-25,123.45
2022-11-28,119.54
2022-11-29,118.38
2022-11-30,126.49
2022-12-01,126.81
2022-12-02,125.66
2022-12-05,123.3
2022-12-06,119.78
2022-12-07,118.21
2022-12-08,121.75
2022-12-09,119.05
2022-12-12,121.21
2022-12-13,123.49
2022-12-14,121.71
2022-12-15,116.64
2022-12-16,114.53
2022-12-19,112.61
2022-12-20,112.1
2022-12-21,114.59
2022-12-22,110.68
2022-12-23,110.84
2022-12-27,109.46
2022-12-28,106.97
2022-12-29,109.84
2022-12-30,109.94
2023-01-03,107.2
2023-01-04,111.53
2023-01-05,109.4
2023-01-06,115.34
2023-01-09,114.61
2023-01-10,116.91
2023-01-11,118.39
2023-01-12,121.59
2023-01-13,120.24
2023-01-17,120.28
2023-01-18,122.04
2023-01-19,117.58
2023-01-20,122.9
2023-01-23,131.03
2023-01-24,130.7
2023-01-25,131.17
2023-01-26,133.96
2023-01-27,133.4
2023-01-30,131.63
2023-01-31,133.21
2023-02-01,138.46
2023-02-02,135.85
2023-02-03,135.02
2023-02-06,132.93
2023-02-07,136.63
2023-02-08,132.17
2023-02-09,130.53
2023-02-10,128.99
2023-02-13,130.84
2023-02-14,132.34
2023-02-15,133.07
2023-02-16,130.16
2023-02-17,127.72
2023-02-21,123.7
2023-02-22,123.95
2023-02-23,126.2
2023-02-24,124.34
2023-02-27,123.42
2023-02-28,123.53
2023-03-01,123.68
2023-03-02,123.78
2023-03-03,123.6
2023-03-06,122.41
2023-03-07,119.19
2023-03-08,121.2
2023-03-09,117.22
2023-03-10,115.19
2023-03-13,114.43
2023-03-14,116.55
2023-03-15,115.49
2023-03-16,120.51
2023-03-17,120.73
2023-03-20,121.82
2023-03-21,123.8
2023-03-22,121.97
2023-03-23,124.15
2023-03-24,124.76
2023-03-27,123.6
2023-03-28,121.34
2023-03-29,125.09
2023-03-30,127.4
2023-03-31,127.58
2023-04-03,124.74
2023-04-04,122.3
2023-04-05,123.04
2023-04-06,123.0
2023-04-10,124.29
2023-04-11,123.57
2023-04-12,120.27
2023-04-13,121.13
2023-04-14,120.16
2023-04-17,119.38
2023-04-18,118.36
2023-04-19,118.54
2023-04-20,118.64
2023-04-21,117.76
2023-04-24,117.35
2023-04-25,114.05
2023-04-26,114.16
2023-04-27,113.92
2023-04-28,116.8
2023-05-01,115.84
2023-05-02,116.11
2023-05-03,112.83
2023-05-04,106.58
2023-05-05,108.78
2023-05-08,108.31
2023-05-09,105.77
2023-05-10,106.46
2023-05-11,104.06
2023-05-12,103.62
2023-05-15,106.28
2023-05-16,103.79
2023-05-17,104.81
2023-05-18,106.96
2023-05-19,105.86
2023-05-22,105.28
2023-05-23,103.56
2023-05-24,103.02
2023-05-25,104.02
2023-05-26,110.35
2023-05-30,116.0
2023-05-31,113.41
2023-06-01,115.83
2023-06-02,115.62
2023-06-05,112.73
2023-06-06,116.36
2023-06-07,115.18
2023-06-08,116.35
2023-06-09,119.11
2023-06-12,122.14
2023-06-13,124.43
2023-06-14,123.4
2023-06-15,123.61
2023-06-16,122.68
2023-06-20,119.82
2023-06-21,115.76
2023-06-22,116.4
2023-06-23,113.43
2023-06-26,116.63
2023-06-27,119.79
2023-06-28,117.54
2023-06-29,118.06
2023-06-30,119.04
2023-07-03,120.09
2023-07-05,117.13
2023-07-06,115.22
2023-07-07,115.94
2023-07-10,117.12
2023-07-11,116.87
2023-07-12,118.68
2023-07-13,123.12
2023-07-14,122.56
2023-07-17,123.4
2023-07-18,122.86
2023-07-19,124.42
2023-07-20,120.72
2023-07-21,124.72
2023-07-24,124.1
2023-07-25,125.07
2023-07-26,124.02
2023-07-27,125.85
2023-07-28,129.48
2023-07-31,132.17
2023-08-01,132.08
2023-08-02,129.27
2023-08-03,118.7
2023-08-04,121.5
2023-08-07,119.34
2023-08-08,117.66
2023-08-09,116.57
2023-08-10,115.61
2023-08-11,114.61
2023-08-14,114.02
2023-08-15,111.68
2023-08-16,110.15
2023-08-17,110.08
2023-08-18,110.1
2023-08-21,110.68
2023-08-22,109.47
2023-08-23,111.17
2023-08-24,108.51
2023-08-25,110.32
2023-08-28,111.68
2023-08-29,113.78
2023-08-30,113.27
2023-08-31,114.53
2023-09-01,115.39
2023-09-05,116.55
2023-09-06,114.68
2023-09-07,106.4
2023-09-08,106.14
2023-09-11,110.28
2023-09-12,111.23
2023-09-13,112.64
2023-09-14,114.04
2023-09-15,113.14
2023-09-18,112.75
2023-09-19,110.72
2023-09-20,109.22
2023-09-21,107.96
2023-09-22,107.68
2023-09-25,110.43
2023-09-26,109.72
2023-09-27,109.19
2023-09-28,111.1
2023-09-29,111.06
2023-10-02,111.1
2023-10-03,110.19
2023-10-04,109.85
2023-10-05,109.8
2023-10-06,110.88
2023-10-09,111.8
2023-10-10,112.31
2023-10-11,111.12
2023-10-12,111.46
2023-10-13,108.66
2023-10-16,110.51
2023-10-17,112.2
2023-10-18,110.98
2023-10-19,111.28
2023-10-20,108.63
2023-10-23,108.66
2023-10-24,109.39
2023-10-25,104.78
2023-10-26,105.62
2023-10-27,106.46
2023-10-30,107.83
2023-10-31,108.99
2023-11-01,110.89
2023-11-02,117.36
2023-11-03,119.52
2023-11-06,119.93
2023-11-07,120.72
2023-11-08,120.06
2023-11-09,120.1
2023-11-10,124.21
2023-11-13,123.85
2023-11-14,127.36
2023-11-15,128.92
2023-11-16,128.7
2023-11-17,129.47
2023-11-20,129.51
2023-11-21,127.02
2023-11-22,127.5
2023-11-24,127.75
2023-11-27,128.2
2023-11-28,126.59
2023-11-29,127.91
2023-11-30,129.05
2023-12-01,129.67
2023-12-04,129.95
2023-12-05,130.75
2023-12-06,129.96
2023-12-07,132.94
2023-12-08,132.97
2023-12-11,136.1
2023-12-12,136.68
2023-12-13,138.8
2023-12-14,141.5
2023-12-15,143.13
2023-12-18,141.65
2023-12-19,143.23
2023-12-20,140.44
2023-12-21,142.44
2023-12-22,143.49
2023-12-26,145.46
2023-12-27,145.72
2023-12-28,145.86
2023-12-29,144.63
2024-01-02,140.23
2024-01-03,137.6
2024-01-04,136.17
2024-01-05,136.73
2024-01-08,139.03
2024-01-09,139.89
2024-01-10,139.31
2024-01-11,139.03
2024-01-12,140.2
2024-01-16,141.12
2024-01-17,139.32
2024-01-18,145.29
2024-01-19,151.96
2024-01-22,152.87
2024-01-23,153.5
2024-01-24,154.37
2024-01-25,154.47
2024-01-26,150.72
2024-01-29,149.64
2024-01-30,145.98
2024-01-31,148.51
2024-02-01,141.11
2024-02-02,141.69
2024-02-05,144.03
2024-02-06,144.1
2024-02-07,145.89
2024-02-08,148.18
2024-02-09,151.0
2024-02-12,153.1
2024-02-13,150.04
2024-02-14,153.94
2024-02-15,155.98
2024-02-16,152.69
2024-02-20,151.96
2024-02-21,152.01
2024-02-22,154.75
2024-02-23,154.91
2024-02-26,157.03
2024-02-27,158.3
2024-02-28,155.85
2024-02-29,157.79
2024-03-01,163.09
2024-03-04,166.56
2024-03-05,161.45
2024-03-06,167.89
2024-03-07,175.72
2024-03-08,170.57
2024-03-11,171.12
2024-03-12,173.08
2024-03-13,169.25
2024-03-14,168.45
2024-03-15,167.2
2024-03-18,166.92
2024-03-19,164.1
2024-03-20,167.67
2024-03-21,170.85
2024-03-22,170.1
2024-03-25,167.52
2024-03-26,167.07
2024-03-27,169.13
2024-03-28,169.3
2024-04-01,171.72
2024-04-02,171.04
2024-04-03,173.91
2024-04-04,169.76
2024-04-05,171.53
2024-04-08,173.62
2024-04-09,175.57
2024-04-10,170.86
2024-04-11,175.13
2024-04-12,171.29
2024-04-15,169.84
2024-04-16,168.58
2024-04-17,164.32
2024-04-18,161.44
2024-04-19,157.63
2024-04-22,160.18
2024-04-23,161.35
2024-04-24,163.63
2024-04-25,163.3
2024-04-26,165.66
2024-04-29,169.2
2024-04-30,165.85
2024-05-01,164.11
2024-05-02,180.1
2024-05-03,179.64
2024-05-06,181.85
2024-05-07,180.15
2024-05-08,180.55
2024-05-09,180.54
2024-05-10,182.08
2024-05-13,184.21
2024-05-14,188.97
2024-05-15,194.61
2024-05-16,193.27
2024-05-17,193.86
2024-05-20,197.76
2024-05-21,200.85
2024-05-22,202.93
2024-05-23,201.76
2024-05-24,210.36
2024-05-28,213.08
2024-05-29,208.26
2024-05-30,204.8
2024-05-31,204.05
2024-06-03,205.91
2024-06-04,204.37
2024-06-05,211.9
2024-06-06,209.44
2024-06-07,206.62
2024-06-10,209.35
2024-06-11,208.52
2024-06-12,215.39
2024-06-13,217.81
2024-06-14,215.33
2024-06-17,222.22
2024-06-18,227.09
2024-06-20,215.47
2024-06-21,212.53
2024-06-24,200.84
2024-06-25,202.17
2024-06-26,197.33
2024-06-27,195.15
2024-06-28,199.18
2024-07-01,200.03
2024-07-02,200.16
2024-07-03,203.81
2024-07-05,205.75
2024-07-08,207.89
2024-07-09,207.12
2024-07-10,208.8
2024-07-11,199.85
2024-07-12,202.43
2024-07-15,208.18
2024-07-16,209.64
2024-07-17,191.6
2024-07-18,191.46
2024-07-19,186.21
2024-07-22,194.97
2024-07-23,193.35
2024-07-24,181.07
2024-07-25,175.39
2024-07-26,180.05
2024-07-29,178.64
2024-07-30,166.94
2024-07-31,180.95
2024-08-01,164.0
2024-08-02,159.31
2024-08-05,157.95
2024-08-06,158.72
2024-08-07,156.12
2024-08-08,164.95
2024-08-09,164.48
2024-08-12,162.89
2024-08-13,169.47
2024-08-14,167.15
2024-08-15,173.34
2024-08-16,172.18
2024-08-19,174.26
2024-08-20,172.11
2024-08-21,174.22
2024-08-22,169.0
2024-08-23,173.5
2024-08-26,169.49
2024-08-27,173.93
2024-08-28,171.85
2024-08-29,169.49
